0.00000000 
92.03857298 
133.83196105 
172.82228774 
242.85421093 
303.38972613 
355.87354157 
401.65208951 
441.87413252 
477.48204703 
509.23672492 
537.75009717 
563.51540617 
586.93240092 
0.00000000 
100.80894457 
146.58483184 
189.29055352 
265.99583081 
332.29978575 
389.78479307 
439.92558678 
483.98039525 
522.98139411 
557.76198076 
588.99239720 
617.21288696 
642.86129120 
0.00000000 
110.41504638 
160.55292589 
207.32808320 
291.34261966 
363.96468997 
426.92745361 
481.84617225 
530.09897106 
572.81638187 
610.91121665 
645.11758489 
676.02721002 
704.11965514 
0.00000000 
120.93651530 
175.85204204 
227.08441220 
319.10470842 
398.64694841 
467.60944471 
527.76137758 
580.61219395 
627.40015425 
669.12505245 
706.59095145 
740.44596011 
771.21533921 
0.00000000 
132.46057682 
192.60901363 
248.72332523 
349.51225143 
436.63408527 
512.16802980 
578.05185079 
635.93883062 
687.18522377 
732.88609475 
773.92212577 
811.00318408 
844.70458265 
0.00000000 
145.08276816 
210.96275995 
272.42421403 
382.81733450 
478.24102298 
560.97261020 
633.13451191 
696.53755209 
752.66722293 
802.72293784 
847.66929936 
888.28381816 
925.19662884 
0.00000000 
158.90773030 
231.06543793 
298.38356464 
419.29606470 
523.81269301 
614.42778752 
693.46600937 
762.91073625 
824.38901315 
879.21454582 
928.44385393 
972.92853726 
1013.35877607 
0.00000000 
174.05007548 
253.08370359 
326.81658627 
459.25085943 
573.72689539 
672.97671796 
759.54650568 
835.60863263 
902.94518520 
962.99505238 
1016.91542980 
1065.63906633 
1109.92190961 
0.00000000 
190.63533737 
277.20009360 
357.95899546 
503.01295348 
628.39743076 
737.10478615 
831.92382395 
915.23392416 
988.98698852 
1054.75901796 
1113.81747749 
1167.18399779 
1215.68656089 
0.00000000 
208.80101173 
303.61453860 
392.06897022 
550.94514506 
688.27753093 
807.34362907 
911.19798943 
1002.44672354 
1083.22773019 
1155.26718772 
1219.95333811 
1278.40516339 
1331.52954414 
0.00000000 
228.69769635 
332.54602065 
429.42929040 
603.44480350 
753.86361623 
884.27554351 
998.02620389 
1097.97004570 
1186.44868848 
1265.35279842 
1336.20290330 
1400.22461314 
1458.41122535 
0.00000000 
250.49033950 
364.23438863 
470.34968196 
660.94716349 
825.69941098 
968.53831343 
1093.12829396 
1202.59580180 
1299.50558979 
1385.92848605 
1463.52990971 
1533.65225939 
1597.38348397 
0.00000000 
274.35960740 
398.94234670 
515.16938474 
723.92893334 
904.38045106 
1060.83049730 
1197.29267869 
1317.19136434 
1423.33570284 
1517.99385187 
1602.98992865 
1679.79424920 
1749.59843322 
0.00000000 
300.50338198 
436.95763211 
564.25996476 
792.91224696 
990.55902111 
1161.91721939 
1311.38290571 
1442.70675791 
1558.96560884 
1662.64374931 
1755.73911699 
1839.86213456 
1916.31797138 
0.00000000 
329.13840137 
478.59540067 
618.02839467 
868.46899250 
1084.94956204 
1272.63651276 
1436.34481025 
1580.18253510 
1707.51971210 
1821.07736056 
1923.04380197 
2015.18291648 
2098.92424326 
0.00000000 
360.50205672 
524.20083941 
676.92042760 
951.22555343 
1188.33459399 
1393.90626679 
1573.21435635 
1730.75840295 
1870.22956163 
1994.60813811 
2106.29097941 
2207.21004612 
2298.93109845 
0.00000000 
394.85436024 
574.15202831 
741.42429255 
1041.86800140 
1301.57120356 
1526.73183673 
1723.12622524 
1895.68267136 
2048.44406095 
2184.67469355 
2306.99981217 
2417.53547425 
2517.99664156 
0.00000000 
432.48010071 
628.86307468 
812.07474199 
1141.14778396 
1425.59814930 
1672.21437826 
1887.32322211 
2076.32260192 
2243.64065081 
2392.85272402 
2526.83422442 
2647.90284891 
2757.93697828 
0.00000000 
473.69120452 
688.78754614 
889.45748500 
1249.88795423 
1561.44364422 
1831.55997640 
2067.16657930 
2274.17574279 
2457.43755758 
2620.86807513 
2767.61669593 
2900.22197065 
3020.74127129 
0.00000000 
518.82932156 
754.42223088 
974.21404303 
1368.98999418 
1710.23387990 
2006.08964423 
2264.14724119 
2490.88234377 
2691.60720868 
2870.61104859 
3031.34337092 
3176.58462527 
3308.58823097 
0.00000000 
568.26865760 
826.31125611 
1067.04706816 
1499.44128817 
1873.20236296 
2197.25027438 
2479.89822451 
2728.23895434 
2948.09092645 
3144.15207331 
3320.20060652 
3479.28192518 
3623.86417737 
0.00000000 
622.41907655 
905.05059903 
1168.72616836 
1642.32330859 
2051.70014102 
2406.62663413 
2716.20815645 
2988.21331750 
3229.01502217 
3443.75886972 
3636.58309819 
3810.82330331 
3969.18282338 
0.00000000 
681.72949831 
991.29302759 
1280.09428766 
1798.82058152 
2247.20700332 
2635.95450352 
2975.03610280 
3272.96068283 
3536.70842369 
3771.91524973 
3983.11373237 
4173.95731685 
4347.40694307 
0.00000000 
746.69162045 
1085.75351212 
1402.07469436 
1970.23050674 
2461.34374844 
2887.13506536 
3258.52780905 
3584.84167398 
3873.72198282 
4131.34170811 
4362.66533079 
4571.69443354 
4761.67210472 
0.00000000 
817.84399447 
1189.21515261 
1535.67863517 
2157.97411346 
2695.88562114 
3162.25066651 
3569.03348916 
3926.44185887 
4242.84962245 
4525.01797604 
4778.38446686 
5007.33198906 
5215.41266547 
0.00000000 
895.77649056 
1302.53567077 
1682.01371867 
2363.60784102 
2952.77702958 
3463.58208100 
3909.12730938 
4300.59318464 
4647.15149888 
4956.20772383 
5233.71755150 
5484.48152281 
5712.39024297 
0.00000000 
981.13518771 
1426.65452076 
1842.29309767 
2588.83644216 
3234.14766488 
3793.62741825 
4281.62872872 
4710.39745513 
5089.97937125 
5428.48561748 
5732.43940476 
6007.09871838 
6256.72490002 
0.00000000 
1074.62772992 
1562.60067749 
2017.84552648 
2835.52711576 
3542.33015682 
4155.12283293 
4689.62587291 
5159.25204563 
5575.00438838 
5945.76695352 
6278.68454992 
6579.51619717 
6852.92930095 
0.00000000 
1177.02919270 
1711.50116708 
2210.12637669 
3105.72498643 
3879.87941187 
4551.06520838 
5136.50113575 
5650.87806792 
6106.24752352 
6512.34011780 
6876.98148970 
7206.47943680 
7505.94612266 
0.00000000 
1289.18850863 
1874.59041015 
2420.72970247 
3401.67005907 
4249.59379398 
4984.73700145 
5625.95921989 
6189.35121914 
6688.11290915 
7132.90213717 
7532.29024865 
7893.18611228 
8221.18903058 
0.00000000 
1412.03550522 
2053.22045547 
2651.40145568 
3725.81578901 
4654.53832369 
5459.73345491 
6162.05784976 
6779.13557034 
7325.42434829 
7812.59761901 
8250.04349289 
8645.32918597 
9004.58755924 
0.00000000 
1546.58861342 
2248.87218880 
2904.05396027 
4080.84942177 
5098.07008787 
5979.99240281 
6749.24141105 
7425.12057466 
8023.46530502 
8557.06140120 
9036.19156828 
9469.14410361 
9862.63626959 
0.00000000 
1693.96331065 
2463.16760973 
3180.78176585 
4469.71427099 
5583.86607079 
6549.82691608 
7392.37779575 
8132.66160209 
8788.02270558 
9372.46526632 
9897.25183013 
10371.46048764 
10802.44859036 
0.00000000 
1855.38136833 
2697.88327850 
3483.87901202 
4895.63411913 
6115.95363718 
7173.96105897 
8096.79875809 
8907.62433674 
9625.43491346 
10265.56910717 
10840.36267367 
11359.75875641 
11831.81579020 
0.00000000 
2032.18098073 
2954.96504404 
3815.85844734 
5362.13994348 
6698.74392007 
7857.56905258 
8868.34411612 
9756.43340479 
10542.64427586 
11243.77696793 
11873.34271308 
12442.23213863 
12959.27156904 
0.00000000 
2225.82785886 
3236.54417562 
4179.47226064 
5873.09918874 
7337.06839009 
8606.31817048 
9713.41016514 
10686.12563616 
11547.25467751 
12315.19842541 
13004.75559961 
13627.85459719 
14194.16280461 
0.00000000 
2437.92738160 
3544.95503149 
4577.73489727 
6432.74782911 
8036.21890958 
9426.41572168 
10639.00270454 
11704.40840151 
12647.59457857 
13488.71581941 
14243.98101633 
14926.45522547 
15546.72704020 
0.00000000 
2670.23790464 
3882.75441130 
5013.94804963 
7045.72548549 
8801.99160333 
10324.66051079 
11652.79511756 
12819.72350819 
13852.78605965 
14774.05788942 
15601.29243796 
16348.79973286 
17028.17735640 
0.00000000 
2924.68533772 
4252.74275261 
5491.72802893 
7717.11388906 
9640.73490989 
11308.49920165 
12763.19198546 
14041.31718483 
15172.82044600 
16181.88042822 
17087.94230037 
17906.67969506 
18650.79533018 
0.00000000 
3203.37911083 
4657.98734713 
6015.03574534 
8452.47901006 
10559.40221162 
12386.08805200 
13979.39876350 
15379.31673481 
16618.64113799 
17723.85462093 
18716.25528604 
19613.01030907 
20428.03285212 
0.00000000 
3508.62966192 
5101.84776935 
6588.20954480 
9257.91720099 
11565.60947986 
13566.36053081 
15311.49809636 
16844.81449397 
18202.23433448 
19412.76380192 
20499.73049853 
21481.93746325 
22374.62364579 
0.00000000 
3842.96759097 
5588.00372820 
7216.00117503 
10140.10573684 
12667.69841322 
14859.10137884 
16770.53340570 
18449.95978879 
19936.72840135 
21262.60943169 
22453.15337336 
23528.95501011 
24506.70541381 
0.00000000 
4209.16463927 
6120.48557268 
7903.61517860 
11106.35817127 
13874.80559220 
16275.02772650 
18368.60044273 
20208.05965716 
21836.50270868 
23288.72717238 
24592.71825274 
25771.03321405 
26841.95362332 
0.00000000 
4610.25666781 
6703.70770448 
8656.75203983 
12164.68496778 
15196.93822363 
17825.87794142 
20118.94756491 
22133.68916692 
23917.30683928 
25507.91402401 
26936.16264059 
28226.75943894 
29399.72803975 
0.00000000 
5049.56882532 
7342.50517439 
9481.65544320 
13323.85990829 
16645.05710282 
19524.50894231 
22036.08556794 
24242.81224667 
26196.39115639 
27938.56757563 
29502.91425061 
30916.49224173 
32201.23322396 
0.00000000 
5530.74311452 
8042.17376599 
10385.16403495 
14593.49282994 
18231.16748119 
21385.00278590 
24135.90798381 
26552.91403050 
28692.64981337 
30600.83852579 
32314.25206676 
33862.53014983 
35269.69432309 
0.00000000 
6057.76858520 
8808.51389905 
11374.76811711 
15984.10929291 
19968.41859262 
23422.78341054 
26435.82284190 
29083.14581400 
31426.77739075 
33516.79773654 
35393.48275102 
37089.29652117 
38630.54961258 
0.00000000 
6635.01440438 
9647.87871630 
12458.67174392 
17507.23783983 
21871.21266379 
25654.74450435 
28954.89698573 
31854.48382301 
34421.44045921 
36710.61920626 
38766.13386127 
40623.54201971 
42311.66138553 
0.00000000 
7267.26607780 
10567.22675257 
13645.86073532 
19175.50557018 
23955.32431202 
28099.38955792 
31714.01414165 
34889.90311158 
37701.46549087 
40208.78047778 
42460.16548079 
44494.56638482 
46343.54693780 
0.00000000 
7959.76512285 
11574.17962268 
14946.17717163 
21002.74282190 
26238.03132070 
30776.98526265 
34736.04804992 
38214.56803065 
41294.04467672 
44040.28214362 
46506.20201406 
48734.46133309 
50759.63156367 
0.00000000 
8718.25252200 
12677.08520644 
16370.40098668 
23004.09782827 
28738.25787617 
33709.72952652 
38046.05209347 
41856.04084650 
45228.96135631 
48236.88826775 
50937.78607036 
53378.37660638 
55596.52565949 
0.00000000 
9549.01631698 
13885.08685457 
17930.33933611 
25196.16230032 
31476.73145376 
36921.93549996 
41671.46699644 
45844.51023858 
49538.83692879 
52833.38971735 
55791.65654003 
58464.81137154 
60894.32823265 
0.00000000 
10458.94373808 
15208.19918927 
19638.92448142 
27597.10897613 
34476.15465355 
40440.23313777 
45642.34831434 
50213.04157083 
54259.40129212 
57867.89258732 
61108.05316864 
64035.93338770 
66696.95933190 
0.00000000 
11455.57830096 
16657.39112784 
21510.32100157 
30226.84227711 
37761.39341028 
44293.78996771 
49991.61560176 
54997.85101143 
59429.78905239 
63382.13410900 
66931.05015411 
70137.92858708 
73052.52415505 
0.00000000 
12547.18234419 
18244.67681759 
23560.04322072 
33107.16332046 
41359.68313796 
48514.55289638 
54755.32532336 
60238.60577354 
65092.86395913 
69421.82866171 
73308.92153231 
76821.38396738 
80013.71185255 
0.00000000 
13742.80552605 
19983.21523603 
25805.08382565 
36261.95065562 
45300.85451790 
53137.51305659 
59972.96977059 
65978.75296593 
71295.57425598 
76037.04675592 
80294.54138036 
84141.70697010 
87638.23233315 
0.00000000 
15052.35984828 
21887.41928191 
28264.05473921 
39717.35822313 
49617.58080223 
58200.99589232 
65687.80446218 
72265.87977989 
78089.34189286 
83282.63012971 
87945.82215537 
92159.58482143 
95989.29469279 
0.00000000 
16486.70182901 
23973.07526159 
30957.34141764 
43502.03217708 
54345.64868291 
63746.97888571 
71947.20674276 
79152.10799844 
85530.48882622 
91218.64639992 
96326.19480252 
100941.48764390 
105136.13123315 
0.00000000 
18057.72250587 
26257.47376134 
33907.27185080 
47647.34836855 
59524.25497201 
69821.43956047 
78803.06855233 
86694.52609833 
93680.70394151 
99910.88703700 
105505.13461278 
110560.21950952 
115154.57141394 
0.00000000 
19778.44601552 
28759.55299034 
37138.30166658 
52187.67245889 
65196.33155262 
76474.73664653 
86312.22662286 
94955.66252718 
102607.55446876 
109431.41279204 
115558.73718962 
121095.52200296 
126127.67049723 
0.00000000 
21663.13756686 
31500.05578306 
40677.21687393 
57160.64481931 
71408.90129440 
83762.02756592 
94536.93366838 
104004.00407920 
112385.04613110 
119859.15109758 
126570.34929977 
132634.73529832 
138146.39809542 
0.00000000 
23727.42170302 
34501.70156223 
44553.35592520 
62607.49257851 
78213.46788442 
91743.72570097 
103545.37447482 
113914.56366713 
123094.23666982 
131280.55039492 
138631.25983784 
145273.52223004 
151310.39233106 
0.00000000 
25988.41183256 
37789.37468833 
48798.85293898 
68573.37140542 
85666.44280505 
100486.00123572 
113412.23116820 
124769.50219715 
134823.90783246 
143790.29681231 
151841.45663301 
159116.66136065 
165728.78586067 
0.00000000 
28464.85210370 
41390.33075684 
53448.90409957 
75107.73986051 
93829.61299856 
110061.32972251 
124219.30234727 
136658.80970245 
147671.30139466 
157492.09913560 
166310.45537206 
174278.91562007 
181521.11061056 
0.00000000 
31177.27279782 
45334.42255370 
58542.05944178 
82264.76941905 
102770.65309569 
120549.09292161 
136056.18121345 
149681.05138210 
161742.92531775 
172499.54857882 
182158.20751057 
190885.98371772 
198818.28872499 
0.00000000 
34148.16053034 
49654.34754198 
64120.54243996 
90103.79356560 
112563.68645447 
132036.23689503 
149020.99831986 
163944.18473009 
177155.43672516 
188937.06048248 
199516.09469911 
209075.54221485 
217763.71794210 
0.00000000 
37402.14467018 
54385.91893167 
70230.60005060 
98689.79968273 
123289.89966059 
144617.99281009 
163221.23509706 
179566.45452870 
194036.60901784 
206940.90574649 
218528.01796853 
228998.38689610 
238514.46039534 
0.00000000 
40966.20152311 
59568.36257977 
76922.88611073 
108093.96781198 
135038.21558356 
158398.66642857 
178774.61489974 
196677.37312606 
212526.39114628 
226660.34054843 
239351.59070385 
250819.68290259 
261242.54469611 
0.00000000 
44869.87797172 
65244.64218197 
84252.88127029 
118394.26075340 
147906.03056853 
173492.50282638 
195810.07896152 
215418.79412441 
232778.06782075 
248258.84371292 
262159.44529692 
274720.33399038 
286136.39209203 
0.00000000 
49145.53642621 
71461.81545199 
92281.35293998 
129676.07039576 
162000.02187532 
190024.63351252 
214468.85534850 
235946.08838035 
254959.53027813 
271915.47199016 
287140.66431013 
300898.48226584 
313402.37852407 
0.00000000 
53828.62311642 
78271.42424128 
101074.85906758 
142032.92563574 
177437.03205829 
208132.11379919 
234905.62977372 
258429.43206633 
279254.66814039 
297826.34447912 
314502.34801602 
329571.15083099 
343266.54553244 
0.00000000 
58957.96194962 
85729.92183320 
110706.29991930 
155567.26775480 
194345.03761910 
227965.05902308 
257289.82797861 
283055.21747183 
305864.89390346 
326206.26850172 
344471.33130807 
360976.04295692 
375976.47419490 
0.00000000 
64576.07636990 
93899.14095431 
121255.52244032 
170391.29968189 
212864.20996246 
249687.88903732 
281807.02031293 
310027.59823990 
335010.81269498 
357290.52040686 
377296.06421605 
395373.51270062 
411803.33763305 
0.00000000 
70729.54188774 
102846.80638240 
132809.98220511 
186627.91618249 
233148.07745051 
273480.69129139 
308660.46015723 
339570.18184964 
366934.05114342 
391336.79606752 
413248.67161620 
433048.72330235 
451044.14910230 
0.00000000 
77469.37220207 
112647.09640109 
145465.46844497 
204411.72268564 
255364.79818969 
299540.71379905 
338072.76894195 
371927.88337564 
401899.26052061 
428627.34724112 
452627.20921139 
474314.01125698 
494024.22430267 
0.00000000 
84851.44211606 
123381.25775549 
159326.89816369 
223890.15119502 
279698.55410153 
328084.00037150 
370287.78173225 
407368.95589241 
440196.31076398 
469471.32150401 
495758.13448413 
519511.47565816 
541099.87832366 
0.00000000 
92936.95075256 
135138.27920716 
174509.18592454 
245224.68253555 
306351.07783483 
359347.18167220 
405572.56867895 
446187.21435646 
482142.69356756 
514207.32515868 
542999.01310705 
569015.81428151 
592661.37958146 
0.00000000 
101792.92890944 
148015.62927219 
191138.19651944 
268592.18506793 
335543.32517750 
393589.43694156 
444219.64909385 
488704.47140247 
528086.15446398 
563206.23036094 
594741.48324776 
623237.42991868 
649136.18523732 
0.00000000 
111492.79476093 
162120.06425845 
209351.78841819 
294186.38096965 
367517.30683276 
431094.64265476 
486549.41650472 
535273.20524690 
578407.57571799 
616874.24973866 
651414.50234277 
682625.83271451 
710992.48491953 
0.00000000 
122116.96251183 
177568.51330093 
229300.95664807 
322219.45223810 
402538.09474575 
472173.72592555 
532912.79479416 
586279.48181660 
633524.13393142 
675656.30399146 
713487.90325713 
747673.36671351 
778743.08212727 
0.00000000 
133753.50905044 
194489.04773217 
251151.08457871 
352923.79972997 
440896.01961324 
517167.24216628 
583694.14744240 
642146.15532752 
693892.75853682 
740039.71038959 
781476.28931108 
818919.29150960 
852949.64549410 
0.00000000 
146498.90412705 
213021.94282417 
275083.31498970 
386553.96981994 
482909.07779443 
566448.19837359 
639314.46399239 
703336.37384722 
760013.91985165 
810558.22275054 
855943.30046452 
896954.25283692 
934227.36515508 
0.00000000 
160458.81011117 
233320.84070398 
301296.05178754 
423388.76465084 
528925.56757676 
620425.14544554 
700234.85015362 
770357.41890295 
832435.77809671 
887796.45638561 
937506.28602688 
982425.17916409 
1023250.05281996 
0.00000000 
175748.95795781 
255554.02408354 
330006.60482137 
463733.55347007 
579326.97665188 
679545.56516614 
766960.35047863 
843764.91096666 
911758.72777532 
972394.73470053 
1026841.42263035 
1076040.64488567 
1120755.72783318 
0.00000000 
192496.10664480 
279905.81136363 
361452.99143357 
507922.80421359 
634531.14473976 
744299.57993619 
840044.13530297 
924167.41568146 
998640.37508716 
1065054.39762943 
1124689.31989571 
1178576.74457322 
1227552.73553051 
0.00000000 
210839.09403492 
306578.08467739 
395895.90968034 
556322.85632496 
694995.72757975 
815224.01600510 
920092.08665942 
1012231.48901613 
1093800.98964073 
1166543.61591039 
1231861.16026295 
1290883.52698460 
1344526.44861497 
0.00000000 
230929.98787499 
335791.96354145 
433620.89958087 
609334.95779689 
761221.99100599 
892906.85388866 
1007767.82118472 
1108687.20317334 
1198029.47566048 
1277703.75940439 
1349245.42388746 
1413892.04217129 
1472646.60710803 
0.00000000 
252935.34647379 
367789.63798954 
474940.71031232 
667398.59161289 
833758.96656089 
977992.10286804 
1103798.19166006 
1214334.19906257 
1312189.91219119 
1399456.37225235 
1477815.25435272 
1548622.06010561 
1612975.35772600 
0.00000000 
277037.59951025 
402836.37638570 
520197.89297519 
730995.11916619 
913208.00309775 
1071185.13998046 
1208979.31279421 
1330048.31551429 
1437228.71651974 
1532810.81269627 
1618636.52626313 
1696190.52481745 
1766676.05933000 
0.00000000 
303436.56041901 
441222.72456239 
569767.64042374 
800651.77086070 
1000227.75210644 
1173258.55776342 
1324183.16120463 
1456788.85019299 
1574182.49020042 
1678872.62090006 
1772876.68159895 
1857820.81412705 
1935022.92744882 
0.00000000 
332351.08289161 
483266.91451485 
624060.89770440 
876946.01697694 
1095539.62809151 
1285058.56923128 
1450364.80431187 
1595606.51240404 
1724186.61272938 
1838852.68414162 
1941814.40808926 
2034852.88173930 
2119411.59783001 
0.00000000 
364020.87522576 
529317.50262033 
683527.76888836 
960510.35503863 
1199933.78927078 
1407512.02318332 
1588570.31807667 
1747652.13372473 
1888484.65411195 
2014077.27535759 
2126850.23983864 
2228754.36578006 
2321370.69659354 
0.00000000 
398708.48756447 
579756.25925374 
748661.24854180 
1052037.55336823 
1314275.68817572 
1541634.08800168 
1739945.45921949 
1914186.20867298 
2068438.68435493 
2205999.04826277 
2329518.16808938 
2441132.75586677 
2542574.51290752 
0.00000000 
436701.48849942 
635001.33375521 
820001.30876866 
1152286.39430181 
1439513.24645962 
1688536.66763970 
1905745.16381744 
2096589.34450794 
2265540.56535231 
2416209.08019641 
2551498.35837536 
2673748.71958131 
2784856.87924527 
0.00000000 
478314.84908324 
695510.72098804 
898139.37570827 
1262087.96467584 
1576684.71339450 
1849437.61957128 
2087343.95102404 
2296373.70679395 
2481424.31877672 
2646450.06253337 
2794631.07949556 
2928530.69882482 
3050226.37429458 
0.00000000 
523893.55401483 
761786.05822548 
983723.23259940 
1382352.54573561 
1726927.27320564 
2025670.85112027 
2286247.31816138 
2515195.55561427 
2717879.67250941 
2898630.74801191 
3060931.95978203 
3207590.89706171 
3340882.97455478 
0.00000000 
573815.46164485 
834376.78384355 
1077462.39005798 
1514077.15958413 
1891486.47260035 
2218697.37787075 
2504104.22165250 
2754868.97636274 
2976866.89791184 
3174841.77474976 
3352608.69714017 
3513242.78999084 
3659236.29266737 
0.00000000 
628494.43651175 
913884.69229644 
1180133.96808959 
1658353.83473356 
2071726.54664774 
2430117.43583522 
2742720.74726400 
3017380.91894505 
3260533.06094351 
3477372.99813354 
3672079.36139173 
3848020.30481169 
4007925.55368046 
0.00000000 
688383.78037765 
1000968.92313624 
1292589.13859995 
1816378.65928239 
2269141.72861328 
2661683.74779337 
3004075.08298841 
3304907.67006803 
3571229.82185162 
3808732.47426680 
4021992.44065116 
4214698.82708610 
4389841.47485472 
0.00000000 
753979.99020817 
1096351.42543729 
1415760.18181329 
1989461.69677146 
2485368.63750944 
2915316.05378258 
3290333.91869522 
3619832.89517627 
3911532.93099619 
4171667.25235421 
4405248.79792472 
4616318.20934745 
4808150.23039996 
