3.38168280 
3.33488038 
3.28695504 
3.23857579 
3.19030270 
3.09572674 
3.00544401 
2.92039462 
2.84079663 
2.76645898 
2.69700155 
2.63203166 
2.51382919 
2.45984615 
3.57471941 
3.52881059 
3.48178925 
3.43423494 
3.38667595 
3.29307398 
3.20306531 
3.11773217 
3.03747481 
2.96224340 
2.89175599 
2.82569032 
2.70527941 
2.65023222 
3.70031584 
3.65507383 
3.60870354 
3.56173350 
3.51467528 
3.42176179 
3.33198597 
3.24652977 
3.16591168 
3.09017045 
3.01908620 
2.95238054 
2.83067184 
2.77499706 
3.76729325 
3.72249067 
3.67652670 
3.62991043 
3.58314892 
3.49064416 
3.40103661 
3.31556925 
3.23482306 
3.15888004 
3.08755105 
3.02057867 
2.89832263 
2.84238145 
3.78447281 
3.73988170 
3.69408756 
3.64760463 
3.60094510 
3.50857506 
3.41904786 
3.33363248 
3.25292481 
3.17701209 
3.10570940 
3.03876106 
2.91654791 
2.86062616 
3.76067569 
3.71606749 
3.67021491 
3.62365506 
3.57691205 
3.48440849 
3.39485034 
3.30950128 
3.22893274 
3.15320650 
3.08212012 
3.01540404 
2.89366385 
2.83797195 
3.70472306 
3.65986862 
3.61373757 
3.56690062 
3.51989802 
3.42699843 
3.33727466 
3.25195751 
3.17156271 
3.09610319 
3.02534208 
2.95898396 
2.83798659 
2.78265959 
3.62543610 
3.58010568 
3.53348435 
3.48618025 
3.43875124 
3.34519886 
3.25515146 
3.16978301 
3.08953053 
3.01434206 
2.94393415 
2.87797715 
2.75783227 
2.70292986 
3.53163598 
3.48559924 
3.43828405 
3.39033288 
3.34231994 
3.24786379 
3.15731135 
3.07175962 
2.99155206 
2.91656302 
2.84645519 
2.78085997 
2.66151704 
2.60702352 
3.43214386 
3.38516988 
3.33696550 
3.28819744 
3.23945236 
3.14384718 
3.05258496 
2.96666920 
2.88634311 
2.81140598 
2.74146407 
2.67610875 
2.55735705 
2.50318135 
3.33578092 
3.28763819 
3.23835748 
3.18861285 
3.13899673 
3.04200303 
2.94980291 
2.86329358 
2.78261954 
2.70751085 
2.63751967 
2.57219985 
2.45366845 
2.39964410 
3.25136834 
3.20182473 
3.15128882 
3.10041804 
3.04980129 
2.95118532 
2.85779581 
2.77041461 
2.68909717 
2.61351754 
2.54318084 
2.47760959 
2.35876738 
2.30465256 
3.18772727 
3.13655010 
3.08458833 
3.03245195 
2.98071427 
2.88024804 
2.78539429 
2.69681414 
2.61449184 
2.53806596 
2.46700646 
2.40081432 
2.28096999 
2.22644749 
3.15018154 
3.09716734 
3.04362832 
2.99009729 
2.93712108 
2.83455814 
2.73792163 
2.64775845 
2.56400825 
2.48629876 
2.41407929 
2.34684037 
2.22520109 
2.16990873 
3.12678109 
3.07190290 
3.01670905 
2.96166611 
2.90730372 
2.80225961 
2.70337781 
2.61115001 
2.52550913 
2.44608517 
2.37231327 
2.30367396 
2.17963527 
2.12331604 
3.10025214 
3.04370494 
2.98686931 
2.93020942 
2.87427306 
2.76618846 
2.66442394 
2.56953988 
2.48151255 
2.39997089 
2.32433097 
2.25404966 
2.12728480 
2.06983316 
3.05548800 
2.99767525 
2.93932487 
2.88099632 
2.82330964 
2.71157368 
2.60623069 
2.50808497 
2.41721534 
2.33323278 
2.25552061 
2.18348824 
2.05396358 
1.99542442 
2.99509245 
2.93651640 
2.87708312 
2.81742351 
2.75824237 
2.64319991 
2.53447685 
2.43323627 
2.33970400 
2.25346537 
2.17386943 
2.10027728 
1.96837809 
1.90893828 
2.93026273 
2.87146422 
2.81176683 
2.75165445 
2.69185936 
2.57527627 
2.46470838 
2.36167687 
2.26657227 
2.17896710 
2.09819640 
2.02361075 
1.89019218 
1.83017278 
2.86856569 
2.80967768 
2.75017932 
2.69018158 
2.63039845 
2.51367541 
2.40262798 
2.29897475 
2.20324429 
2.11503574 
2.03368103 
1.95855087 
1.82423370 
1.76384545 
2.81165695 
2.75169292 
2.69131143 
2.63031900 
2.56950761 
2.45081251 
2.33806055 
2.23278003 
2.13553845 
2.04603507 
1.96354951 
1.88742317 
1.75147759 
1.69043528 
2.76424582 
2.70169335 
2.63851591 
2.57447814 
2.51064028 
2.38639847 
2.26931696 
2.16043382 
2.06018670 
1.96832139 
1.88395801 
1.80632509 
1.66815058 
1.60630351 
2.73442664 
2.66840242 
2.60114582 
2.53261201 
2.46429987 
2.33224885 
2.20920434 
2.09599954 
1.99275519 
1.89887081 
1.81316970 
1.73473826 
1.59599837 
1.53419982 
2.69675169 
2.62820384 
2.55794694 
2.48608995 
2.41449147 
2.27664221 
2.14842917 
2.03104525 
1.92466973 
1.82831918 
1.74058621 
1.66048103 
1.51919534 
1.45641739 
2.63734559 
2.56746043 
2.49593839 
2.42287284 
2.35027244 
2.21064860 
2.07993086 
1.95935382 
1.84950400 
1.74944964 
1.65790894 
1.57397478 
1.42539451 
1.35925415 
2.61367183 
2.53952809 
2.46403025 
2.38742518 
2.31196364 
2.16909636 
2.03734353 
1.91573552 
1.80413395 
1.70171248 
1.60764710 
1.52128664 
1.36849589 
1.30060060 
2.57858056 
2.50235974 
2.42680273 
2.35134679 
2.27761448 
2.13844355 
2.00714184 
1.88312961 
1.76831595 
1.66242782 
1.56476080 
1.47488402 
1.31568134 
1.24497552 
2.52369900 
2.45044681 
2.37729005 
2.30180817 
2.22554020 
2.07664726 
1.93342897 
1.79902586 
1.67670062 
1.56647524 
1.46709101 
1.37716676 
1.22029767 
1.15124273 
2.50516390 
2.42819031 
2.34933750 
2.26706048 
2.18478386 
2.02930339 
1.88448472 
1.74981834 
1.62680689 
1.51464087 
1.41217102 
1.31868053 
1.15458525 
1.08230183 
2.47670177 
2.39827374 
2.31656363 
2.22964707 
2.14216456 
1.97801588 
1.82644201 
1.68698331 
1.56179285 
1.44982168 
1.34867904 
1.25664309 
1.09471567 
1.02303529 
2.43791169 
2.35705863 
2.27283023 
2.18423492 
2.09694799 
1.93475375 
1.78147651 
1.63917285 
1.51078988 
1.39462887 
1.28838800 
1.19105590 
1.01965858 
0.94409235 
2.40851202 
2.32177500 
2.23334680 
2.14055214 
2.04910890 
1.88141209 
1.72472762 
1.57982849 
1.44977853 
1.33164510 
1.22245741 
1.12175170 
0.94422987 
0.86629656 
2.34938357 
2.26223972 
2.17508036 
2.08445080 
1.99575597 
1.83223925 
1.67653352 
1.53222680 
1.40115809 
1.27973479 
1.16655719 
1.06262086 
0.88130613 
0.80213387 
2.29607215 
2.20908404 
2.12611252 
2.03905485 
1.95274116 
1.79154649 
1.63441184 
1.48408208 
1.34586116 
1.21902302 
1.10275404 
0.99701868 
0.81160242 
0.72960972 
2.28424632 
2.20090645 
2.11488734 
2.01826473 
1.92160293 
1.74609643 
1.58453782 
1.43441265 
1.29675718 
1.16921106 
1.05057684 
0.94057612 
0.74329908 
0.65538077 
2.22808470 
2.14295607 
2.05477745 
1.95777583 
1.86404876 
1.70187770 
1.54610912 
1.39231420 
1.24772563 
1.11416837 
0.98998975 
0.87560008 
0.67503073 
0.58699641 
2.18592876 
2.09934085 
2.00987231 
1.90901172 
1.81213734 
1.65568023 
1.49292664 
1.33884687 
1.19648799 
1.06233127 
0.93382063 
0.81397269 
0.60404549 
0.51263736 
2.13678513 
2.04948942 
1.95984512 
1.86156450 
1.76928661 
1.61323270 
1.44855437 
1.29785846 
1.15255191 
1.01345083 
0.87952329 
0.75454804 
0.53543149 
0.44077871 
2.09595636 
2.00636150 
1.91894019 
1.82438631 
1.73403071 
1.57685755 
1.41445872 
1.25904390 
1.10868535 
0.96740188 
0.83205347 
0.70550045 
0.48060978 
0.38144263 
2.02717833 
1.94538438 
1.86404009 
1.76493047 
1.67729304 
1.53388923 
1.36142814 
1.19763413 
1.04904403 
0.91122569 
0.77299811 
0.64232808 
0.41164256 
0.31157663 
1.99397627 
1.91098508 
1.81455545 
1.70472032 
1.61488164 
1.47140638 
1.30259485 
1.14404042 
0.99859585 
0.85757254 
0.71846261 
0.58980262 
0.35986318 
0.25796420 
1.92699802 
1.84009476 
1.74985529 
1.65279621 
1.57843613 
1.42568287 
1.24764161 
1.09546193 
0.95139069 
0.81019697 
0.66736156 
0.53312218 
0.29805562 
0.19446343 
1.86577313 
1.77488692 
1.68840303 
1.58868475 
1.50790604 
1.36070767 
1.19333899 
1.05009883 
0.90788723 
0.76433490 
0.62196033 
0.48915618 
0.24553287 
0.13531475 
1.80852583 
1.72395327 
1.63245330 
1.53423179 
1.45170385 
1.29893488 
1.15099091 
0.99673151 
0.84882834 
0.70658460 
0.56550676 
0.43342275 
0.18539340 
0.07266478 
1.74672738 
1.65498129 
1.56879477 
1.47485983 
1.38618125 
1.24289886 
1.08199305 
0.93420963 
0.79661022 
0.65928203 
0.51212100 
0.37211362 
0.12738218 
0.01637623 
1.68484920 
1.58591164 
1.49769814 
1.40106942 
1.31510554 
1.18209699 
1.02365717 
0.87851960 
0.74129909 
0.59773129 
0.45382414 
0.31844900 
0.06624454 
-0.04839536 
1.61125858 
1.50575928 
1.42729963 
1.33702255 
1.24800333 
1.11099864 
0.96092991 
0.81454992 
0.67810619 
0.54278597 
0.40079118 
0.26783924 
0.02188652 
-0.09369132 
1.54022809 
1.45398849 
1.36204921 
1.26428688 
1.18603865 
1.05309666 
0.90720288 
0.76322747 
0.62241903 
0.48529507 
0.34612856 
0.21234087 
-0.03069181 
-0.14930792 
1.47946806 
1.38826155 
1.29908756 
1.19675404 
1.11736850 
0.96884122 
0.83054095 
0.68739407 
0.56546782 
0.42454942 
0.29066216 
0.15675535 
-0.09468872 
-0.21651317 
1.40254788 
1.30846399 
1.21866794 
1.12157499 
1.04992470 
0.90036641 
0.75883332 
0.61570706 
0.50409867 
0.35604779 
0.22574713 
0.09364950 
-0.15204427 
-0.27059774 
1.32880045 
1.24147797 
1.14466872 
1.05190112 
0.96635325 
0.82375103 
0.68784264 
0.55450430 
0.43526995 
0.29773988 
0.16494894 
0.03427016 
-0.20996730 
-0.33145393 
1.24995545 
1.16259765 
1.06399295 
0.97885428 
0.89308118 
0.75271681 
0.61495155 
0.48219055 
0.36794695 
0.23200237 
0.10869845 
-0.02644178 
-0.26824600 
-0.39539780 
1.17676195 
1.08373342 
0.98833296 
0.89579802 
0.82420708 
0.67541605 
0.53149120 
0.40590902 
0.29728923 
0.16975438 
0.03944711 
-0.08736597 
-0.33175123 
-0.44645655 
1.09661915 
1.01212653 
0.90871143 
0.81721539 
0.73808429 
0.59760957 
0.45913876 
0.32751134 
0.22003977 
0.09492009 
-0.02825910 
-0.14861871 
-0.38733048 
-0.51609321 
1.01664771 
0.93384916 
0.83466433 
0.74329941 
0.66733831 
0.52312972 
0.36993156 
0.25548064 
0.14254090 
0.02283137 
-0.09728743 
-0.21941353 
-0.45704608 
-0.58525263 
0.94126327 
0.85418020 
0.74985909 
0.65161347 
0.58026142 
0.42850682 
0.29474956 
0.16390031 
0.06713100 
-0.05929012 
-0.17365341 
-0.28921845 
-0.51637193 
-0.64025178 
0.86093837 
0.77051486 
0.66406494 
0.58185185 
0.49115482 
0.34340421 
0.21560347 
0.08257424 
-0.02120451 
-0.13210215 
-0.25013048 
-0.34988288 
-0.58869168 
-0.71025510 
0.77868783 
0.69599753 
0.58711214 
0.49436967 
0.41645907 
0.27076015 
0.12598192 
0.00910158 
-0.09418950 
-0.21886796 
-0.32808839 
-0.43867904 
-0.65885271 
-0.77288981 
0.70238418 
0.60516720 
0.50111349 
0.41870929 
0.32559577 
0.18314353 
0.05100719 
-0.07734835 
-0.17891394 
-0.28902229 
-0.40826897 
-0.51676115 
-0.73430300 
-0.85816445 
0.62003197 
0.52870151 
0.41387635 
0.33013024 
0.24619644 
0.10171638 
-0.03265251 
-0.15680631 
-0.27268028 
-0.38278012 
-0.49474469 
-0.59773486 
-0.80785298 
-0.92978615 
0.53278183 
0.43208218 
0.33729852 
0.23949217 
0.16433352 
0.01089141 
-0.12115295 
-0.25146979 
-0.35192485 
-0.46272831 
-0.57935863 
-0.68776600 
-0.89178152 
-1.00485651 
0.44562212 
0.35112121 
0.24863877 
0.15109095 
0.06890691 
-0.07641340 
-0.20179707 
-0.33185903 
-0.44433415 
-0.54820446 
-0.65950450 
-0.76975447 
-0.97617027 
-1.09660470 
0.34920392 
0.26018997 
0.15515281 
0.05993157 
-0.01107046 
-0.16309798 
-0.29278446 
-0.41718615 
-0.52195676 
-0.64181118 
-0.74173533 
-0.85837566 
-1.05725488 
-1.17176314 
0.27270385 
0.16570569 
0.06300461 
-0.02926179 
-0.10657115 
-0.24495137 
-0.38532304 
-0.51598369 
-0.62584248 
-0.72747451 
-0.83078173 
-0.93836646 
-1.13869509 
-1.24605035 
0.17618719 
0.07910006 
-0.02812905 
-0.12174032 
-0.19445724 
-0.33999924 
-0.48554740 
-0.59896203 
-0.70998092 
-0.82050196 
-0.92762652 
-1.02897062 
-1.22322274 
-1.32979637 
0.09502902 
-0.00139226 
-0.11703703 
-0.20620084 
-0.28136042 
-0.43503443 
-0.57595047 
-0.69668689 
-0.81034125 
-0.91265855 
-1.01694301 
-1.12355104 
-1.30825897 
-1.41601161 
-0.00593971 
-0.10229677 
-0.20710503 
-0.29746215 
-0.38219611 
-0.53041065 
-0.67131994 
-0.78847277 
-0.90191801 
-1.00694170 
-1.11346723 
-1.21243932 
-1.39944031 
-1.49531050 
-0.09428458 
-0.18931569 
-0.30686168 
-0.39120234 
-0.47044825 
-0.62313791 
-0.76282429 
-0.88901667 
-0.99739271 
-1.10104981 
-1.20405371 
-1.30114735 
-1.49375473 
-1.58550374 
-0.18657455 
-0.28894563 
-0.39633176 
-0.48997715 
-0.57174369 
-0.71401898 
-0.85658393 
-0.98269710 
-1.09372407 
-1.19548804 
-1.30142224 
-1.39821880 
-1.58430572 
-1.68341963 
-0.28439611 
-0.38803731 
-0.49057429 
-0.59473699 
-0.66926902 
-0.81262099 
-0.96131737 
-1.07998461 
-1.19450205 
-1.29296060 
-1.40888309 
-1.49256670 
-1.68191709 
-1.78374165 
-0.38020896 
-0.47671622 
-0.58767998 
-0.68635320 
-0.76326266 
-0.92059663 
-1.05986069 
-1.18707041 
-1.29157689 
-1.40621028 
-1.51326996 
-1.59853187 
-1.79938383 
-1.88610933 
-0.46800246 
-0.56968792 
-0.68874653 
-0.78428722 
-0.87333113 
-1.01829430 
-1.16273467 
-1.28573441 
-1.38762893 
-1.50576951 
-1.61646060 
-1.71101562 
-1.88593369 
-1.99011838 
-0.57812176 
-0.68342830 
-0.78201062 
-0.88503784 
-0.97172505 
-1.11487297 
-1.26606327 
-1.39411421 
-1.49791182 
-1.61204633 
-1.72074969 
-1.81161122 
-2.00002317 
-2.08593697 
-0.68215212 
-0.77987270 
-0.89154868 
-0.98859816 
-1.07321301 
-1.23186706 
-1.37225256 
-1.50144826 
-1.61376765 
-1.71687085 
-1.82784522 
-1.91438613 
-2.09981901 
-2.19401874 
-0.77822935 
-0.88381836 
-0.99423625 
-1.10117172 
-1.17516810 
-1.34204539 
-1.49007815 
-1.60931623 
-1.72113364 
-1.83181400 
-1.93950592 
-2.03129491 
-2.21513516 
-2.29506565 
-0.87660344 
-0.98549741 
-1.10065285 
-1.20297615 
-1.28688292 
-1.44971857 
-1.60469802 
-1.71939785 
-1.83452378 
-1.93840501 
-2.05754820 
-2.15733485 
-2.33046596 
-2.43018856 
-0.98419865 
-1.09248248 
-1.20841637 
-1.31052722 
-1.40216521 
-1.56130746 
-1.70934008 
-1.84488993 
-1.94873877 
-2.06706336 
-2.16563615 
-2.25790299 
-2.47134417 
-2.54058993 
-1.09311543 
-1.21310960 
-1.31444468 
-1.42158501 
-1.51066768 
-1.67311226 
-1.81678347 
-1.96149064 
-2.07961743 
-2.17093033 
-2.30654259 
-2.38535992 
-2.58206096 
-2.66165635 
-1.20128194 
-1.31163737 
-1.43494714 
-1.53595309 
-1.62014874 
-1.79701103 
-1.94349990 
-2.08429081 
-2.20111525 
-2.32008457 
-2.40551783 
-2.51444746 
-2.70111198 
-2.79135569 
-1.30027161 
-1.42750927 
-1.54717938 
-1.65323596 
-1.74432945 
-1.92073845 
-2.06962962 
-2.19710788 
-2.33102296 
-2.45321236 
-2.55231146 
-2.64343469 
-2.84841965 
-2.94643948 
-1.41921558 
-1.55232493 
-1.65993939 
-1.78084252 
-1.87357865 
-2.03342625 
-2.19265546 
-2.34892228 
-2.47334513 
-2.56913734 
-2.68255818 
-2.78898061 
-2.94941555 
-3.12365580 
-1.53809201 
-1.66727059 
-1.78060317 
-1.89252648 
-1.99084455 
-2.16885656 
-2.33950594 
-2.46015865 
-2.59263903 
-2.70356950 
-2.83915350 
-2.92948192 
-3.10566866 
-3.23668061 
-1.65332211 
-1.78102730 
-1.91211111 
-2.02477832 
-2.12858874 
-2.30250691 
-2.46668858 
-2.62663431 
-2.72255582 
-2.86417876 
-2.95974006 
-3.06512206 
-3.26665013 
-3.32856087 
-1.77898697 
-1.91751936 
-2.03895540 
-2.15107990 
-2.26043064 
-2.44761881 
-2.60719386 
-2.76015313 
-2.89010892 
-3.00886024 
-3.12993056 
-3.18103589 
-3.41642494 
-3.58176717 
-1.90986407 
-2.05462788 
-2.17128432 
-2.29881679 
-2.39309774 
-2.58181578 
-2.75292590 
-2.89356421 
-3.07273447 
-3.23600461 
-3.19503160 
-3.32596940 
-3.36121217 
-3.49645541 
-2.03852051 
-2.18449409 
-2.28838569 
-2.42862730 
-2.56341762 
-2.69612988 
-2.86134303 
-3.11238087 
-3.16113993 
-3.23933455 
-3.33411792 
-3.36916138 
-3.45081213 
-3.82086297 
-2.18178131 
-2.31295318 
-2.44326026 
-2.55548310 
-2.68657193 
-2.85896995 
-3.04089050 
-3.14954873 
-3.39889642 
-3.43695645 
-3.54843070 
-3.56168727 
-4.35358656 
-3.84985117 
-2.31434797 
-2.47451207 
-2.60336626 
-2.71633320 
-2.84881048 
-3.05142084 
-3.31461746 
-3.33394562 
-3.45028784 
-3.81392147 
-3.56763721 
-4.36006838 
-4.87695839 
-5.22362775 
-2.47046487 
-2.59601251 
-2.74650566 
-2.85032469 
-2.91608206 
-3.22011449 
-3.29953633 
-3.48612739 
-3.47473925 
-3.92851321 
-4.58157742 
-4.12202356 
-5.64735716 
-3.58544396 
-2.61771882 
-2.74338622 
-2.91802723 
-3.03899635 
-3.10267606 
-3.37247727 
-3.46532968 
-3.59764651 
-3.59849841 
-3.74871973 
-4.43467324 
-4.29801998 
-4.19196439 
-3.99606408 
-2.74834594 
-2.92042405 
-3.05695162 
-3.17022573 
-3.24672891 
-3.46452940 
-3.61039115 
-3.69229515 
-3.81723400 
-4.52510860 
-4.20257976 
-4.18250683 
-4.91897212 
-4.93222522 
-2.88717402 
-3.04673856 
-3.13792093 
-3.26386932 
-3.45561522 
-3.61215528 
-4.29705684 
-4.00911217 
-3.95940823 
-4.00973329 
-3.97097945 
-4.57533766 
-4.56957730 
-4.79111351 
-3.11694910 
-3.36919161 
-3.42297294 
-3.90590786 
-3.78608053 
-3.70548352 
-3.54191218 
-4.28832282 
-3.88623014 
-4.18287176 
-3.93413707 
-4.36671471 
-4.32547874 
-3.78447288 
-3.22715073 
-3.28552290 
-3.55868658 
-3.62258637 
-4.00502835 
-4.07558235 
-4.03902266 
-4.43776161 
-4.55456634 
-3.77813867 
-4.19831075 
-4.64839455 
-3.69575706 
-3.76689683 
-3.33982703 
-3.43250564 
-3.58259648 
-3.58401285 
-3.83123099 
-3.92403500 
-4.37541403 
-3.89797712 
-4.49407375 
-4.37899912 
-4.98645012 
-3.82682918 
-4.06120104 
-3.78411996 
-3.53408928 
-3.90136003 
-3.88878079 
-3.91264729 
-3.66037589 
-3.83129722 
-3.85573948 
-4.31107996 
-4.72015239 
-4.58823541 
-4.35395418 
-4.30893867 
-4.88868841 
-4.09425121 
-3.56288572 
-3.86685574 
-3.94392759 
-4.13374966 
-3.49521796 
-3.73881349 
-5.17916049 
-4.04499788 
-5.18445876 
-4.00595547 
-4.58061099 
-5.01870137 
-3.92796386 
-5.11963471 
-3.72580428 
-4.08461882 
-4.08262624 
-4.04776928 
-4.24901595 
-4.90843369 
-4.46752658 
-4.19350565 
-4.13163241 
-4.67666625 
-4.31237774 
-5.68012719 
-4.49553020 
-4.71289430 
-4.25555702 
-3.81032819 
-4.15792395 
-4.22504450 
-4.41391131 
-3.35625848 
-4.27713433 
-4.90069570 
-4.21156353 
-4.57217850 
-5.06792120 
-4.18326491 
-4.38359763 
-4.35738808 
-4.00490760 
-3.84716711 
-4.45151275 
-4.40052529 
-4.31050211 
-100.91963865 
-4.43473111 
-4.54534701 
-5.35560716 
-4.54910335 
-4.65636984 
-11.80484813 
-4.50992568 
-5.48077666 
