3.38187626 
3.28723804 
3.23889318 
3.19064243 
3.09609740 
3.00582337 
2.92078051 
2.84117885 
2.76683213 
2.69737436 
2.63238720 
2.57144931 
2.51417935 
2.46019025 
3.57486574 
3.48207921 
3.43455469 
3.38700697 
3.29342382 
3.20342344 
3.11810452 
3.03784827 
2.96260984 
2.89212141 
2.82603796 
2.76398759 
2.70562113 
2.65056767 
3.70043413 
3.60900000 
3.56205707 
3.51500371 
3.42210203 
3.33233429 
3.24689648 
3.16628187 
3.09053464 
3.01944891 
2.95272514 
2.89002194 
2.83101008 
2.77532885 
3.76739888 
3.67682869 
3.63023852 
3.58347944 
3.49098386 
3.40138434 
3.31593667 
3.23519434 
3.15924546 
3.08791472 
3.02092405 
2.95794621 
2.89866130 
2.84271350 
3.78457742 
3.69439357 
3.64793722 
3.60128096 
3.50892113 
3.41940207 
3.33400535 
3.25330036 
3.17738124 
3.10607671 
3.03911002 
2.97615426 
2.91688990 
2.86096137 
3.76078718 
3.67052294 
3.62399135 
3.57725505 
3.48476566 
3.39521591 
3.30988281 
3.22931462 
3.15358094 
3.08249275 
3.01575835 
2.95303996 
2.89401099 
2.83831217 
3.70484560 
3.61404508 
3.56723910 
3.52024852 
3.42736929 
3.33765432 
3.25234931 
3.17195182 
3.09648349 
3.02572072 
2.95934435 
2.89699717 
2.83833967 
2.78300563 
3.62557010 
3.53378829 
3.48651867 
3.43910817 
3.34558382 
3.25554575 
3.17018512 
3.08992665 
3.01472784 
2.94431848 
2.87834335 
2.81641974 
2.75819106 
2.70328149 
3.53177812 
3.43858085 
3.39066823 
3.34268077 
3.24826108 
3.15771864 
3.07217052 
2.99195380 
2.91695293 
2.84684390 
2.78123064 
2.71970154 
2.66188026 
2.60737946 
3.43228709 
3.33725107 
3.28852598 
3.23981313 
3.14425290 
3.05300146 
2.96708578 
2.88674795 
2.81179769 
2.74185486 
2.67648154 
2.61523643 
2.55772238 
2.50353927 
3.33591445 
3.23862722 
3.18893011 
3.13935204 
3.04241111 
2.95022264 
2.86371118 
2.78302381 
2.70790109 
2.63790921 
2.57257136 
2.51141827 
2.45403253 
2.40000065 
3.25147762 
3.15153760 
3.10071879 
3.05014430 
2.95158751 
2.85821064 
2.77082698 
2.68949605 
2.61390204 
2.54356483 
2.47797543 
2.41664092 
2.35912581 
2.30500333 
3.18779405 
3.08481051 
3.03273022 
2.98103669 
2.88063395 
2.78579391 
2.69721345 
2.61487936 
2.53843951 
2.46737960 
2.40116904 
2.33929824 
2.28131733 
2.22678703 
3.15018469 
3.04381741 
2.99034645 
2.93741397 
2.83491692 
2.73829568 
2.64813714 
2.56437882 
2.48665658 
2.41443672 
2.34717893 
2.28436423 
2.22553229 
2.17023196 
3.12670101 
3.01685620 
2.96187934 
2.90756137 
2.80258858 
2.70372643 
2.61150971 
2.52586498 
2.44642991 
2.37265772 
2.30399890 
2.23992168 
2.17995266 
2.12362526 
3.10007215 
2.98696276 
2.93037978 
2.87449417 
2.76649570 
2.66476098 
2.56989423 
2.48186603 
2.40031474 
2.32467498 
2.25437330 
2.18884766 
2.12760027 
2.07014019 
3.05519651 
2.93935188 
2.88111774 
2.82349691 
2.71187522 
2.60658000 
2.50845638 
2.41758628 
2.33359495 
2.25588388 
2.18383002 
2.11681398 
2.05429591 
1.99574794 
2.99470124 
2.87704530 
2.81749849 
2.75839928 
2.64349660 
2.53484169 
2.43362989 
2.34009828 
2.25385147 
2.17425747 
2.10064239 
2.03232920 
1.96873149 
1.90928203 
2.92981497 
2.81168716 
2.75169758 
2.69198854 
2.57554299 
2.46505704 
2.36206823 
2.26697165 
2.17935931 
2.09859038 
2.02397992 
1.95483687 
1.89054607 
1.83051527 
2.86808096 
2.75007271 
2.69020486 
2.63050333 
2.51389452 
2.40293169 
2.29933878 
2.20362822 
2.11541374 
2.03405922 
1.95890163 
1.88927702 
1.82456465 
1.76416272 
2.81104219 
2.69113645 
2.63030719 
2.56959398 
2.45102662 
2.33835361 
2.23313725 
2.13591898 
2.04640953 
1.96392161 
1.88776380 
1.81726326 
1.75179443 
1.69073735 
2.76329767 
2.63813421 
2.57433182 
2.51064503 
2.38660802 
2.26961927 
2.16080374 
2.06057914 
1.96870886 
1.88434061 
1.80667075 
1.73493572 
1.66846935 
1.60660725 
2.73290067 
2.60031463 
2.53210626 
2.46401762 
2.33227432 
2.20940949 
2.09633005 
1.99313145 
1.89925208 
1.81354511 
1.73507106 
1.66291785 
1.59630053 
1.53448393 
2.69508299 
2.55702152 
2.48552527 
2.41415925 
2.27661876 
2.14861666 
2.03137385 
1.92504110 
1.82869432 
1.74095243 
1.66080324 
1.58726255 
1.51948346 
1.45668310 
2.63603035 
2.49539390 
2.42266976 
2.35024712 
2.21084075 
2.08024646 
1.95974917 
1.84989762 
1.74983243 
1.65828075 
1.57430709 
1.49702815 
1.42569108 
1.35952512 
2.61120558 
2.46265235 
2.38651205 
2.31134049 
2.16885872 
2.03734458 
1.91596301 
1.80443136 
1.70203903 
1.60798114 
1.52158307 
1.44208621 
1.36875529 
1.30082985 
2.57566763 
2.42524490 
2.35031255 
2.27688318 
2.13806683 
2.00702662 
1.88327717 
1.76855589 
1.66272080 
1.56506876 
1.47515572 
1.39232548 
1.31591501 
1.24517922 
2.52072426 
2.37578896 
2.30076745 
2.22473339 
2.07619615 
1.93324925 
1.79914766 
1.67694168 
1.56678840 
1.46741889 
1.37745219 
1.29552123 
1.22052617 
1.15143269 
2.50134812 
2.34703284 
2.26544516 
2.18361301 
2.02873241 
1.88428159 
1.74992857 
1.62703726 
1.51496243 
1.41251706 
1.31897755 
1.23335847 
1.15481966 
1.08249197 
2.47263976 
2.31409097 
2.22783132 
2.14071044 
1.97713157 
1.82598102 
1.68692505 
1.56194697 
1.45009813 
1.34899413 
1.25690684 
1.17252243 
1.09490891 
1.02317403 
2.43247468 
2.26911815 
2.18136857 
2.09459987 
1.93333565 
1.78076891 
1.63902878 
1.51090583 
1.39491128 
1.28871575 
1.19133231 
1.10193567 
1.01984560 
0.94421020 
2.40238230 
2.22917729 
2.13732519 
2.04647401 
1.87980312 
1.72380986 
1.57957208 
1.44980748 
1.33185168 
1.22274673 
1.12202011 
1.02937487 
0.94442960 
0.86642401 
2.34286325 
2.17042331 
2.08075365 
1.99254721 
1.83002121 
1.67519481 
1.53178020 
1.40106986 
1.27991419 
1.16686443 
1.06291099 
0.96801665 
0.88151515 
0.80225105 
2.28892860 
2.12104985 
2.03504504 
1.94933820 
1.78924028 
1.63293107 
1.48348790 
1.34556319 
1.21910554 
1.10303000 
0.99728545 
0.90057871 
0.81179892 
0.72970717 
2.27714633 
2.10933112 
2.01381126 
1.91778235 
1.74341586 
1.58262503 
1.43341001 
1.29621112 
1.16924264 
1.05085440 
0.94086178 
0.83845008 
0.74350674 
0.65546325 
2.22033135 
2.04889731 
1.95327864 
1.86008881 
1.69866679 
1.54385620 
1.39115589 
1.24720558 
1.11425669 
0.99033272 
0.87598842 
0.77112774 
0.67529312 
0.58709410 
2.17801910 
2.00387810 
1.90409122 
1.80770631 
1.65207551 
1.49037675 
1.33733293 
1.19567000 
1.06231661 
0.93417276 
0.81439311 
0.70444193 
0.60432833 
0.51274050 
2.12887030 
1.95346544 
1.85663471 
1.76450168 
1.60925228 
1.44581035 
1.29625133 
1.15157770 
1.01342976 
0.87995437 
0.75503871 
0.64004146 
0.53581766 
0.44096915 
2.08961235 
1.91349801 
1.82060654 
1.72998067 
1.57310347 
1.41161547 
1.25730629 
1.10765071 
0.96741123 
0.83251889 
0.70607467 
0.58882618 
0.48110666 
0.38169913 
2.02069838 
1.85927163 
1.76158570 
1.67358489 
1.53033626 
1.35882967 
1.19606901 
1.04794027 
0.91143182 
0.77380809 
0.64320928 
0.52217215 
0.41233844 
0.31195487 
1.98872466 
1.80961501 
1.70127728 
1.61117900 
1.46802040 
1.30003100 
1.14267843 
0.99770260 
0.85813557 
0.71950038 
0.59087020 
0.47100833 
0.36082388 
0.25853499 
1.92285167 
1.74538312 
1.65041908 
1.57585223 
1.42278825 
1.24598095 
1.09452239 
0.95057488 
0.81103495 
0.66864867 
0.53457824 
0.41110082 
0.29933553 
0.19523976 
1.86225819 
1.68566954 
1.58696931 
1.50540020 
1.35901345 
1.19237590 
1.04990110 
0.90789469 
0.76580034 
0.62385801 
0.49125816 
0.36489801 
0.24740854 
0.13659248 
1.80540261 
1.62985557 
1.53416999 
1.45226378 
1.29881012 
1.15129809 
0.99797605 
0.84962172 
0.70909904 
0.56841974 
0.43646708 
0.30801567 
0.18794974 
0.07452629 
1.74403347 
1.56715780 
1.47600772 
1.38711495 
1.24430830 
1.08421304 
0.93706954 
0.79843299 
0.66309470 
0.51638318 
0.37650155 
0.24715321 
0.13091833 
0.01894932 
1.68365501 
1.49782143 
1.40447140 
1.31906900 
1.18570042 
1.02790911 
0.88376101 
0.74496246 
0.60313350 
0.45970363 
0.32443001 
0.19146557 
0.07087550 
-0.04498579 
1.60985405 
1.42926610 
1.34201496 
1.25388580 
1.11772136 
0.96756007 
0.82286517 
0.68386064 
0.55118672 
0.40923624 
0.27598431 
0.14605922 
0.02811187 
-0.08896198 
1.54112402 
1.36681485 
1.27284464 
1.19556610 
1.06317359 
0.91789899 
0.77546904 
0.63124118 
0.49639658 
0.35722717 
0.22283006 
0.09476313 
-0.02241811 
-0.14301520 
1.48289069 
1.30681635 
1.21095511 
1.13158016 
0.98405642 
0.84525481 
0.70311761 
0.57868037 
0.43940766 
0.30499997 
0.17045318 
0.03630717 
-0.08369186 
-0.20799255 
1.41046783 
1.23078794 
1.14091386 
1.06615561 
0.92015735 
0.77816112 
0.63578330 
0.52241391 
0.37581906 
0.24501406 
0.11133905 
-0.02135141 
-0.13811200 
-0.25930701 
1.33975123 
1.16236005 
1.07668340 
0.98998086 
0.84943714 
0.71360168 
0.58139935 
0.45998260 
0.32393951 
0.18973911 
0.05592908 
-0.07283011 
-0.19177585 
-0.31747117 
1.26803610 
1.08735754 
1.01217504 
0.92362201 
0.78554294 
0.64708638 
0.51639885 
0.39991274 
0.26423188 
0.13883313 
0.00098224 
-0.12821359 
-0.24572233 
-0.37738868 
1.20049110 
1.01876840 
0.93650331 
0.86312085 
0.71766550 
0.57429617 
0.44875605 
0.33669710 
0.21068133 
0.07813739 
-0.05364684 
-0.18627111 
-0.30409210 
-0.42362514 
1.13061000 
0.94872946 
0.86703941 
0.78616017 
0.64910301 
0.51293939 
0.38170098 
0.26940258 
0.14544583 
0.01923682 
-0.10643025 
-0.23166753 
-0.35310077 
-0.48621163 
1.05511092 
0.88673632 
0.80300662 
0.72130933 
0.58511842 
0.43379660 
0.32007339 
0.20520211 
0.08365365 
-0.04016380 
-0.16764917 
-0.29817742 
-0.41501799 
-0.54915102 
0.99345794 
0.80969904 
0.72332581 
0.65262741 
0.50223429 
0.37212087 
0.24255723 
0.14025663 
0.01379952 
-0.10401021 
-0.22677930 
-0.35210865 
-0.46550019 
-0.59532005 
0.92262101 
0.73686185 
0.66213791 
0.57485188 
0.42997532 
0.30630383 
0.17302256 
0.06711040 
-0.04574350 
-0.16714797 
-0.27522717 
-0.41067060 
-0.52620390 
-0.65533241 
0.85429762 
0.67152444 
0.59128963 
0.51406976 
0.37344771 
0.23202263 
0.11929627 
0.00934090 
-0.11739256 
-0.22950556 
-0.34955635 
-0.46940770 
-0.58518594 
-0.70458747 
0.78969155 
0.59895890 
0.52927168 
0.43656214 
0.30390205 
0.17373162 
0.04788665 
-0.05926437 
-0.16882023 
-0.29341698 
-0.40901605 
-0.53847188 
-0.64508551 
-0.77761774 
0.71872212 
0.53598178 
0.45824347 
0.37629911 
0.23972151 
0.10823901 
-0.01416499 
-0.13119193 
-0.24427052 
-0.36006942 
-0.47243221 
-0.59781185 
-0.70114271 
-0.83349157 
0.65364683 
0.47146076 
0.39104203 
0.31441739 
0.17095031 
0.04135440 
-0.08855813 
-0.19018120 
-0.30209748 
-0.42487808 
-0.54166221 
-0.66332192 
-0.76552144 
-0.88978188 
0.58736020 
0.40575895 
0.32147111 
0.24201636 
0.10785192 
-0.01973961 
-0.14769361 
-0.26246777 
-0.36580323 
-0.48208372 
-0.60131088 
-0.71547196 
-0.83168673 
-0.96317759 
0.51243372 
0.33300501 
0.25660750 
0.17730867 
0.04378067 
-0.08695957 
-0.20259806 
-0.31646797 
-0.43531464 
-0.54256639 
-0.66484958 
-0.78104107 
-0.88877886 
-1.01584883 
0.44671962 
0.26081304 
0.18659170 
0.11621423 
-0.01652724 
-0.14729055 
-0.27289379 
-0.39319573 
-0.48944736 
-0.60119749 
-0.72371952 
-0.84119932 
-0.94703775 
-1.06927562 
0.37336944 
0.20093772 
0.12794809 
0.05651903 
-0.07751276 
-0.22197718 
-0.33294148 
-0.44238500 
-0.56010541 
-0.66866754 
-0.78785833 
-0.90033469 
-1.00630789 
-1.12784720 
0.31705393 
0.14201623 
0.06709435 
-0.00452614 
-0.14405491 
-0.27867858 
-0.39257334 
-0.50840920 
-0.61907397 
-0.73022715 
-0.85027414 
-0.96335111 
-1.06838092 
-1.18426316 
0.24746635 
0.07876990 
0.00503202 
-0.06729208 
-0.20443501 
-0.33452051 
-0.45277130 
-0.56546942 
-0.68146362 
-0.79789495 
-0.90315024 
-1.01514119 
-1.12412371 
-1.23672853 
0.18810467 
0.01373159 
-0.05639709 
-0.12225480 
-0.26249939 
-0.38945281 
-0.50777281 
-0.62412970 
-0.73402269 
-0.84989089 
-0.96139501 
-1.07963324 
-1.18451462 
-1.30020110 
0.12569478 
-0.04258595 
-0.11478526 
-0.18644365 
-0.31726485 
-0.44266765 
-0.56786804 
-0.68301000 
-0.78872244 
-0.90667310 
-1.01963101 
-1.13810440 
-1.24322176 
-1.35927857 
0.06742310 
-0.10114828 
-0.17292783 
-0.24681076 
-0.37906512 
-0.50291633 
-0.61691432 
-0.73811506 
-0.84805587 
-0.97121498 
-1.07768302 
-1.19264860 
-1.30387520 
-1.41858861 
0.00227998 
-0.15485908 
-0.23627782 
-0.29866336 
-0.43393776 
-0.55803926 
-0.67274368 
-0.79267597 
-0.90893382 
-1.03045668 
-1.12847396 
-1.25190971 
-1.36280997 
-1.47711638 
-0.05026511 
-0.22012944 
-0.29358926 
-0.35616833 
-0.48468298 
-0.60827473 
-0.73107525 
-0.84053676 
-0.95515892 
-1.06855366 
-1.19133800 
-1.30849486 
-1.41690706 
-1.53161646 
-0.10494333 
-0.26551785 
-0.34134138 
-0.40197678 
-0.53880567 
-0.66525410 
-0.78042087 
-0.89781198 
-1.00759620 
-1.13161504 
-1.24127905 
-1.36209259 
-1.47968197 
-1.59021612 
-0.16814055 
-0.32555569 
-0.39807885 
-0.45870879 
-0.58808626 
-0.70973381 
-0.82918738 
-0.95128491 
-1.06572888 
-1.17904129 
-1.29554064 
-1.41509954 
-1.52710443 
-1.64364841 
-0.22366506 
-0.37684898 
-0.44887717 
-0.50686089 
-0.63685413 
-0.76322590 
-0.87969460 
-0.99833009 
-1.11195020 
-1.22963393 
-1.34976458 
-1.47028753 
-1.59265508 
-1.69582841 
-0.27808810 
-0.42224962 
-0.49635210 
-0.56269863 
-0.68477788 
-0.80630918 
-0.92797228 
-1.04203288 
-1.16079749 
-1.27823445 
-1.40026277 
-1.52266188 
-1.63575204 
-1.76128500 
-0.32428667 
-0.47611699 
-0.54123298 
-0.60536320 
-0.73045641 
-0.85932083 
-0.97932381 
-1.09279294 
-1.21478030 
-1.33167253 
-1.44783414 
-1.57530155 
-1.69210078 
-1.80332024 
-0.36605821 
-0.51642740 
-0.58850428 
-0.64684596 
-0.77510068 
-0.89555572 
-1.01881286 
-1.15131077 
-1.25004184 
-1.37893145 
-1.49896622 
-1.62975895 
-1.74491965 
-1.85827827 
-0.43034589 
-0.56862988 
-0.63489650 
-0.69547503 
-0.81669940 
-0.93842312 
-1.06237667 
-1.19296044 
-1.30423882 
-1.42761401 
-1.55498614 
-1.67509008 
-1.79126450 
-1.91246786 
-0.47411983 
-0.61228041 
-0.68223356 
-0.74125121 
-0.86927681 
-0.98412548 
-1.10644054 
-1.22753375 
-1.34641760 
-1.46839712 
-1.60582946 
-1.72770380 
-1.85678056 
-1.97625522 
-0.51656333 
-0.65731605 
-0.73013132 
-0.78567279 
-0.90396935 
-1.02849642 
-1.16277667 
-1.28010687 
-1.39425557 
-1.52107573 
-1.65092942 
-1.78359939 
-1.91263979 
-2.02297851 
-0.56487017 
-0.70180381 
-0.77011378 
-0.82769941 
-0.95143359 
-1.07772081 
-1.19543021 
-1.32440648 
-1.44143561 
-1.56796054 
-1.70789230 
-1.82187076 
-1.95925596 
-2.08455051 
-0.61174003 
-0.75021659 
-0.81244025 
-0.87160464 
-0.99186418 
-1.11428628 
-1.23860315 
-1.35658991 
-1.49082309 
-1.61316328 
-1.75101930 
-1.87282434 
-2.00760457 
-2.13247474 
-0.65126586 
-0.78902222 
-0.85313652 
-0.91940582 
-1.03135839 
-1.15900071 
-1.28708001 
-1.40446458 
-1.53153704 
-1.66313478 
-1.79314948 
-1.93080214 
-2.07014947 
-2.19083205 
-0.69734558 
-0.83478478 
-0.89715227 
-0.95386782 
-1.07806759 
-1.18808396 
-1.32975034 
-1.44990416 
-1.57679729 
-1.72066737 
-1.84977919 
-1.98063080 
-2.13270894 
-2.25111281 
-0.73570903 
-0.86809838 
-0.93428938 
-0.99597502 
-1.10942068 
-1.24003865 
-1.36857935 
-1.48176182 
-1.61815742 
-1.76540222 
-1.88546119 
-2.02173495 
-2.16084498 
-2.28603070 
-0.78643169 
-0.91740881 
-0.97411381 
-1.04049334 
-1.16054330 
-1.28142991 
-1.40731973 
-1.54297675 
-1.66341160 
-1.79349478 
-1.93723468 
-2.07657831 
-2.21764424 
-2.34404802 
-0.82315419 
-0.95315994 
-1.01204127 
-1.07593016 
-1.20157995 
-1.32686507 
-1.45230533 
-1.58519846 
-1.70427517 
-1.85671568 
-1.99573353 
-2.13645472 
-2.28442113 
-2.40774625 
-0.86634347 
-0.99637928 
-1.05727593 
-1.12970278 
-1.24212802 
-1.36490745 
-1.49110895 
-1.62729583 
-1.75645707 
-1.89909066 
-2.03993002 
-2.18880283 
-2.32790077 
-2.47042718 
-0.90919186 
-1.04167399 
-1.09526352 
-1.16174811 
-1.27798692 
-1.40872421 
-1.53551697 
-1.66935238 
-1.81123809 
-1.95399295 
-2.09431291 
-2.24438199 
-2.40324209 
-2.52628875 
-0.95219777 
-1.07790782 
-1.14342292 
-1.20301521 
-1.32636887 
-1.45680275 
-1.58722358 
-1.72137170 
-1.85852215 
-2.00261596 
-2.14360692 
-2.30544958 
-2.45634564 
-2.60517200 
-0.99548643 
-1.12507731 
-1.18553347 
-1.24557435 
-1.36790460 
-1.49785651 
-1.63105559 
-1.76817674 
-1.91451772 
-2.05234301 
-2.21210617 
-2.36263707 
-2.52352402 
-2.67328913 
-1.03822173 
-1.17373176 
-1.23564332 
-1.29352633 
-1.41807497 
-1.54579302 
-1.68802071 
-1.82185117 
-1.96394824 
-2.12070206 
-2.24636730 
-2.42981201 
-2.59740021 
-2.73263578 
-1.08603486 
-1.21093951 
-1.28277165 
-1.34589444 
-1.47066499 
-1.59402506 
-1.74109202 
-1.86780780 
-2.02319904 
-2.17349034 
-2.33523693 
-2.49771930 
-2.66021694 
-2.82018116 
-1.13219389 
-1.26106658 
-1.32115469 
-1.38309268 
-1.51340184 
-1.64838147 
-1.78757840 
-1.93266783 
-2.08541354 
-2.24082041 
-2.37969190 
-2.56029934 
-2.73793215 
-2.88903158 
-1.17815174 
-1.30995816 
-1.37553990 
-1.43592834 
-1.56188967 
-1.70237085 
-1.83194806 
-1.98760664 
-2.13409871 
-2.29951723 
-2.46789931 
-2.61581130 
-2.78517009 
-2.94189966 
-1.23277042 
-1.36273808 
-1.43309364 
-1.48922642 
-1.61152838 
-1.75044395 
-1.89626230 
-2.04402634 
-2.19308908 
-2.35470324 
-2.53786280 
-2.68072744 
-2.85768785 
-3.01521827 
-1.28454119 
-1.41774882 
-1.48820053 
-1.54661208 
-1.67261720 
-1.80941655 
-1.95700973 
-2.10760252 
-2.26535852 
-2.42947041 
-2.59715418 
-2.76353322 
-2.93322911 
-3.06115621 
-1.34539260 
-1.48132495 
-1.54275451 
-1.60339817 
-1.73559902 
-1.87947402 
-2.02150867 
-2.17103492 
-2.33567660 
-2.48949093 
-2.68260113 
-2.85626702 
-2.98115289 
-3.14881348 
-1.39966307 
-1.53536943 
-1.59846573 
-1.66894769 
-1.80074458 
-1.93701144 
-2.09467741 
-2.24921176 
-2.39580617 
-2.57677840 
-2.76511901 
-2.92313308 
-3.11021291 
-3.23030457 
