3.38203613 
3.33488002 
3.28697051 
3.23860237 
3.19034038 
3.09579923 
3.00555054 
2.92053794 
2.84096791 
2.76665755 
2.69722329 
2.63226253 
2.51405893 
2.46007517 
3.57528305 
3.52890746 
3.48189510 
3.43434302 
3.38677850 
3.29317380 
3.20317600 
3.11786267 
3.03762400 
2.96241685 
2.89195422 
2.82590111 
2.70549233 
2.65044561 
3.70097889 
3.65520422 
3.60883983 
3.56186825 
3.51479639 
3.42186153 
3.33208655 
3.24664365 
3.16604172 
3.09032527 
3.01926830 
2.95257820 
2.83087465 
2.77520134 
3.76795926 
3.72259806 
3.67664008 
3.63002268 
3.58324666 
3.49071804 
3.40111267 
3.31566124 
3.23493472 
3.15902031 
3.08772217 
3.02076828 
2.89852056 
2.84258177 
3.78505978 
3.73991676 
3.69413120 
3.64765092 
3.60098193 
3.50859894 
3.41908481 
3.33369580 
3.25301663 
3.17713947 
3.10587249 
3.03894582 
2.91674469 
2.86082631 
3.76111610 
3.71598810 
3.67014855 
3.62359760 
3.57685483 
3.48435984 
3.39483347 
3.30952770 
3.22900109 
3.15332024 
3.08227591 
3.01558527 
2.89386171 
2.83817438 
3.70496383 
3.65963984 
3.61352749 
3.56670733 
3.51971795 
3.42685635 
3.33718910 
3.25193729 
3.17160175 
3.09620014 
3.02548907 
2.95916111 
2.83818626 
2.78286539 
3.62543859 
3.57969977 
3.53310338 
3.48582472 
3.43842393 
3.34494410 
3.25498219 
3.16970494 
3.08953223 
3.01441665 
2.94406861 
2.87814780 
2.75803299 
2.70313877 
3.53137603 
3.48499566 
3.43771157 
3.38979439 
3.34182537 
3.24747868 
3.15704321 
3.07161100 
2.99150618 
2.91660728 
2.84657120 
2.78101981 
2.66171657 
2.60723392 
3.43161175 
3.38435528 
3.33618744 
3.28746096 
3.23877490 
3.14331572 
3.05220262 
2.96643584 
2.88623723 
2.81140952 
2.74155348 
2.67625159 
2.55755163 
2.50339026 
3.33498140 
3.28660641 
3.23736632 
3.18766904 
3.13812513 
3.04131083 
2.94929091 
2.86295982 
2.78243903 
2.70746087 
2.63757209 
2.57231762 
2.45385284 
2.39984722 
3.25032059 
3.20057682 
3.15008359 
3.09926325 
3.04872868 
2.95031961 
2.85713854 
2.76996329 
2.68882521 
2.61339884 
2.54318369 
2.47769237 
2.35893483 
2.30484419 
3.18646495 
3.13509430 
3.08317460 
3.03108820 
2.97943816 
2.87919768 
2.78457600 
2.69622662 
2.61410942 
2.53786091 
2.46694492 
2.40085028 
2.28111228 
2.22662061 
3.14873789 
3.09550728 
3.04200702 
2.98852214 
2.93563438 
2.83330715 
2.73692211 
2.64701237 
2.56349334 
2.48598741 
2.41393670 
2.34681619 
2.22530890 
2.17005536 
3.12511543 
3.06997939 
3.01482114 
2.95982251 
2.90555035 
2.80075530 
2.70215129 
2.61020829 
2.52483270 
2.44564552 
2.37207285 
2.30357662 
2.17970027 
2.12342938 
3.09822728 
3.04137802 
2.98457871 
2.92797021 
2.87213428 
2.76433157 
2.66289252 
2.56834732 
2.48063734 
2.39937899 
2.32397643 
2.25386701 
2.12730030 
2.06990819 
3.05289173 
2.99474283 
2.93643537 
2.87817863 
2.82061625 
2.70922635 
2.60428930 
2.50657037 
2.41609604 
2.33246189 
2.25503522 
2.18320855 
2.05392448 
1.99545797 
2.99181357 
2.93286694 
2.87347635 
2.81390582 
2.75487449 
2.64025075 
2.53203352 
2.43132999 
2.33828899 
2.25247880 
2.17322874 
2.09988558 
1.96828098 
1.90892970 
2.92637348 
2.86714813 
2.80746700 
2.74743171 
2.68779348 
2.57167138 
2.46170344 
2.35931910 
2.26480430 
2.17771471 
2.09736470 
2.02308683 
1.89003511 
1.83012402 
2.86408884 
2.80470199 
2.74517606 
2.68522441 
2.62559636 
2.50936515 
2.39900181 
2.29609693 
2.20105484 
2.11345434 
2.03260789 
1.95785949 
1.82400262 
1.76374844 
2.80619412 
2.74569297 
2.68527650 
2.62434817 
2.56373816 
2.44566551 
2.33370123 
2.22927480 
2.13283852 
2.04404894 
1.96216446 
1.88649847 
1.75112480 
1.69025187 
2.75734622 
2.69421778 
2.63103461 
2.56713433 
2.50359355 
2.38020756 
2.26405418 
2.15615695 
2.05686397 
1.96584099 
1.88218408 
1.80509694 
1.66762158 
1.60598747 
2.72619812 
2.65940104 
2.59211947 
2.52375598 
2.45579586 
2.32475949 
2.20281128 
2.09077836 
1.98867115 
1.89579021 
1.81094296 
1.73317249 
1.59527491 
1.53373326 
2.68728739 
2.61771668 
2.54739089 
2.47568677 
2.40444315 
2.26763323 
2.14067918 
2.02469057 
1.91966375 
1.82451147 
1.73781256 
1.65851404 
1.51824711 
1.45577975 
2.62621383 
2.55522966 
2.48362684 
2.41070734 
2.33847684 
2.19993108 
2.07062275 
1.95165444 
1.84337251 
1.74474117 
1.65443809 
1.57148502 
1.42416112 
1.35840943 
2.60008561 
2.52495864 
2.44933997 
2.37289226 
2.29786305 
2.15634045 
2.02617799 
1.90636609 
1.79654975 
1.69582060 
1.60327871 
1.51813768 
1.36692197 
1.29951355 
2.56299433 
2.48593473 
2.41019484 
2.33467640 
2.26124321 
2.12312088 
1.99341007 
1.87146700 
1.75881934 
1.65501103 
1.55924346 
1.47089898 
1.31365335 
1.24354983 
2.50617598 
2.43153225 
2.35804927 
2.28244841 
2.20654005 
2.05896467 
1.91759528 
1.78549713 
1.66564520 
1.55782565 
1.46060017 
1.37242117 
1.21783317 
1.14949849 
2.48523186 
2.40651776 
2.32700484 
2.24439054 
2.16243551 
2.00842590 
1.86570898 
1.73364381 
1.61347743 
1.50411883 
1.40423654 
1.31285102 
1.15152657 
1.08012312 
2.45408925 
2.37360930 
2.29107077 
2.20365383 
2.11647348 
1.95368710 
1.80419102 
1.66764420 
1.54583677 
1.43724219 
1.33918756 
1.24970432 
1.09111455 
1.02047864 
2.41264565 
2.32993275 
2.24429990 
2.15469076 
2.06736423 
1.90622159 
1.75541007 
1.61649583 
1.49192694 
1.37958087 
1.27691432 
1.18257640 
1.01515829 
0.94084344 
2.38011712 
2.29077911 
2.20076985 
2.10671116 
2.01520726 
1.84871008 
1.69456169 
1.55336330 
1.42747670 
1.31350280 
1.20837387 
1.11121572 
0.93857529 
0.86222349 
2.31759701 
2.22752181 
2.13876986 
2.04662819 
1.95767347 
1.79479636 
1.64145826 
1.50106943 
1.37463683 
1.25805931 
1.14972455 
1.04997987 
0.87444628 
0.79715003 
2.26076529 
2.17031913 
2.08500494 
1.99564451 
1.90859087 
1.74829381 
1.59401627 
1.44783522 
1.31455098 
1.19320072 
1.08258067 
0.98177419 
0.80323109 
0.72351389 
2.24629553 
2.15836636 
2.06960182 
1.97042532 
1.87286568 
1.69861770 
1.53999037 
1.39363573 
1.26107497 
1.13950820 
1.02706997 
0.92264500 
0.73332276 
0.64802724 
2.18792396 
2.09703692 
2.00606429 
1.90586993 
1.81079314 
1.64924329 
1.49560991 
1.34567300 
1.20665140 
1.07952223 
0.96226335 
0.85439160 
0.66324149 
0.57829873 
2.14132422 
2.04848236 
1.95603882 
1.85144939 
1.75307448 
1.59680667 
1.43691124 
1.28660686 
1.14982371 
1.02262231 
0.90187583 
0.78933652 
0.58995095 
0.50204932 
2.08728280 
1.99269440 
1.89991803 
1.79765016 
1.70404819 
1.54879088 
1.38702965 
1.23973151 
1.10030755 
0.96863889 
0.84301831 
0.72591753 
0.51875435 
0.42822426 
2.04212550 
1.94439548 
1.85485220 
1.75581102 
1.66378093 
1.50665740 
1.34701001 
1.19531015 
1.05158284 
0.91792182 
0.79107849 
0.67301504 
0.46151734 
0.36697914 
1.96934965 
1.87963703 
1.79641109 
1.69152155 
1.60190784 
1.45826372 
1.28854338 
1.12823215 
0.98596399 
0.85561121 
0.72675009 
0.60545733 
0.38974021 
0.29476608 
1.93093955 
1.83838212 
1.74093924 
1.62476297 
1.53293436 
1.38933662 
1.22410119 
1.06881286 
0.92963452 
0.79657730 
0.66717316 
0.54842291 
0.33500527 
0.23872609 
1.85750179 
1.76066422 
1.66987515 
1.56604603 
1.48962383 
1.33737021 
1.16356166 
1.01411973 
0.87686159 
0.74403409 
0.61138422 
0.48752640 
0.27000600 
0.17240446 
1.79368532 
1.69022307 
1.60395031 
1.49544848 
1.41338488 
1.26750485 
1.10449442 
0.96352956 
0.82854927 
0.69347006 
0.56147274 
0.43898975 
0.21394417 
0.11035197 
1.72993756 
1.63248695 
1.54100608 
1.43346626 
1.35038747 
1.19911986 
1.05598427 
0.90429891 
0.76430763 
0.63075982 
0.50095900 
0.37946175 
0.15083720 
0.04503017 
1.66105107 
1.55596933 
1.47046928 
1.36800982 
1.27914166 
1.13752077 
0.98311720 
0.83664733 
0.70716557 
0.57886780 
0.44311260 
0.31382250 
0.08970581 
-0.01404901 
1.59264683 
1.48028903 
1.39351193 
1.28716533 
1.20214961 
1.07069944 
0.91912838 
0.77654273 
0.64719635 
0.51218091 
0.38077660 
0.25631809 
0.02555227 
-0.08158650 
1.51295497 
1.39495141 
1.31588799 
1.21793324 
1.12964759 
0.99425627 
0.85177599 
0.70771108 
0.57943300 
0.45444095 
0.32606354 
0.20414447 
-0.02102328 
-0.12924115 
1.43732194 
1.33605906 
1.24335674 
1.14147958 
1.06275078 
0.93164265 
0.79283937 
0.65204244 
0.51983858 
0.39323819 
0.26782401 
0.14377986 
-0.07703313 
-0.18812775 
1.37167160 
1.26313272 
1.17447371 
1.06810000 
0.98924645 
0.84231619 
0.71241823 
0.57217437 
0.46087337 
0.32883620 
0.20869685 
0.08543169 
-0.14352445 
-0.25755575 
1.28709279 
1.17743745 
1.08921780 
0.99068586 
0.91864759 
0.76981146 
0.63854357 
0.49725773 
0.39546609 
0.25821143 
0.14267396 
0.02054802 
-0.20293955 
-0.31374708 
1.20802201 
1.10686310 
1.01218780 
0.91742852 
0.83090672 
0.68996043 
0.56387688 
0.43452677 
0.32384786 
0.19820576 
0.07910173 
-0.04173337 
-0.26316965 
-0.37664146 
1.12296551 
1.02217330 
0.92423639 
0.84033946 
0.75451757 
0.61521540 
0.48899669 
0.36006013 
0.25588445 
0.13205303 
0.02205528 
-0.10377087 
-0.32341252 
-0.44230518 
1.04464654 
0.94075155 
0.84557897 
0.75324054 
0.68432677 
0.53553930 
0.40546433 
0.28279234 
0.18323488 
0.06877190 
-0.04690132 
-0.16618173 
-0.38851237 
-0.49433735 
0.96218273 
0.86559354 
0.76470494 
0.67097380 
0.59463017 
0.45618130 
0.33331392 
0.20389708 
0.10669534 
-0.00647439 
-0.11512011 
-0.22667966 
-0.44389444 
-0.56257003 
0.87683873 
0.78219623 
0.68934547 
0.59739363 
0.52365307 
0.37721661 
0.24113762 
0.12918691 
0.03276093 
-0.07708176 
-0.18184508 
-0.29668577 
-0.51419272 
-0.63214059 
0.79816293 
0.69933329 
0.60098687 
0.50240927 
0.44012856 
0.28644891 
0.17009558 
0.04113061 
-0.04384308 
-0.15632427 
-0.25700135 
-0.36513727 
-0.57187380 
-0.68478492 
0.71640872 
0.61759283 
0.51714655 
0.43092587 
0.34797065 
0.20085737 
0.08963563 
-0.03935200 
-0.13030481 
-0.22804406 
-0.33191384 
-0.42239190 
-0.64243921 
-0.75271627 
0.63095366 
0.54131937 
0.43860797 
0.34857790 
0.27507936 
0.12889650 
0.00120808 
-0.10568755 
-0.20067282 
-0.31191080 
-0.40453708 
-0.50698498 
-0.70926669 
-0.81007140 
0.55547087 
0.45328849 
0.35209774 
0.27073472 
0.18603157 
0.04349554 
-0.07088510 
-0.19086326 
-0.28172903 
-0.37950299 
-0.48001197 
-0.57782960 
-0.77907404 
-0.89151969 
0.47080317 
0.37888498 
0.26544034 
0.18795025 
0.10438196 
-0.03707606 
-0.14988982 
-0.26697413 
-0.37017229 
-0.46677085 
-0.56028844 
-0.65360874 
-0.84664288 
-0.95662132 
0.38184639 
0.28445398 
0.19213116 
0.09898988 
0.03015047 
-0.12369566 
-0.23423000 
-0.35747565 
-0.44537230 
-0.53967610 
-0.64051194 
-0.73486622 
-0.92115083 
-1.02267348 
0.29771902 
0.20228712 
0.10179425 
0.01880825 
-0.06367613 
-0.20249397 
-0.31103730 
-0.43424604 
-0.53271785 
-0.61938185 
-0.71081557 
-0.80816586 
-0.99998645 
-1.10674493 
0.20929453 
0.11831290 
0.00951769 
-0.07061648 
-0.14518556 
-0.28816901 
-0.39706792 
-0.50860806 
-0.60222573 
-0.70585542 
-0.78405407 
-0.88625006 
-1.06906062 
-1.17109647 
0.12480044 
0.02412355 
-0.07695426 
-0.15168976 
-0.23059584 
-0.36458517 
-0.47771414 
-0.59677868 
-0.69340271 
-0.77506850 
-0.86100700 
-0.95996398 
-1.13803815 
-1.23436452 
0.03771576 
-0.05441265 
-0.15614037 
-0.24173652 
-0.30680479 
-0.44654756 
-0.56880931 
-0.67301381 
-0.76818330 
-0.85889820 
-0.94812089 
-1.03560374 
-1.20799188 
-1.30289742 
-0.04042417 
-0.13448386 
-0.23770716 
-0.31525546 
-0.39000499 
-0.53520160 
-0.65111215 
-0.75844952 
-0.84824050 
-0.93558132 
-1.02286971 
-1.11346317 
-1.28157694 
-1.36907960 
-0.12828466 
-0.22895502 
-0.31804895 
-0.39848298 
-0.48209993 
-0.61409113 
-0.73462737 
-0.83855037 
-0.92755140 
-1.01855682 
-1.10666948 
-1.18379345 
-1.35104775 
-1.42992504 
-0.21297829 
-0.31104309 
-0.40934113 
-0.49188632 
-0.56062371 
-0.69603705 
-0.81389374 
-0.92246912 
-1.01091897 
-1.09371270 
-1.17405272 
-1.25582623 
-1.42127708 
-1.50453551 
-0.30371615 
-0.39896556 
-0.49200069 
-0.56998693 
-0.64322810 
-0.77687242 
-0.88985656 
-1.00070251 
-1.08862563 
-1.16876717 
-1.24508256 
-1.33198731 
-1.49099304 
-1.57467068 
-0.38517053 
-0.48889640 
-0.57993450 
-0.66285711 
-0.72937873 
-0.85601920 
-0.97850247 
-1.07802755 
-1.17044341 
-1.25228368 
-1.32977159 
-1.40767272 
-1.56205217 
-1.64417081 
-0.48122633 
-0.56270738 
-0.67181566 
-0.74481186 
-0.81343752 
-0.94766302 
-1.05940318 
-1.16513125 
-1.24604800 
-1.33271025 
-1.41407043 
-1.47656767 
-1.63838060 
-1.71828049 
-0.55539890 
-0.65461374 
-0.74411938 
-0.82585679 
-0.90221060 
-1.03077655 
-1.13560590 
-1.23883256 
-1.30927362 
-1.39762327 
-1.48019651 
-1.55550871 
-1.70053238 
-1.78248571 
-0.64625674 
-0.74322758 
-0.83213712 
-0.90044492 
-0.98465091 
-1.11033587 
-1.21948400 
-1.31596166 
-1.39826830 
-1.47503414 
-1.55716238 
-1.63229084 
-1.77487489 
-1.85251131 
-0.73240026 
-0.82373692 
-0.91270804 
-0.99472120 
-1.06519032 
-1.19488408 
-1.29389546 
-1.39660678 
-1.48107769 
-1.55544437 
-1.62625049 
-1.70672886 
-1.84126764 
-1.91839445 
-0.82007087 
-0.91134508 
-0.99333690 
-1.07395433 
-1.14848973 
-1.27700415 
-1.37472627 
-1.46910727 
-1.55267358 
-1.63072058 
-1.70343388 
-1.77303657 
-1.92422666 
-1.98025698 
-0.90187427 
-0.99050524 
-1.08092008 
-1.15556488 
-1.22659836 
-1.35543320 
-1.45557662 
-1.54598311 
-1.63217605 
-1.70128051 
-1.76876731 
-1.84473201 
-1.97713771 
-2.06554905 
-0.98539228 
-1.06922932 
-1.15717424 
-1.23693833 
-1.31065785 
-1.43386835 
-1.52646352 
-1.63276133 
-1.70454957 
-1.77656597 
-1.84483714 
-1.91474076 
-2.05705853 
-2.12311554 
-1.07461239 
-1.15995188 
-1.24395594 
-1.30840667 
-1.39001555 
-1.51135963 
-1.60211361 
-1.70021126 
-1.78952970 
-1.84757023 
-1.91759254 
-1.98254455 
-2.11799036 
-2.18261459 
-1.14131266 
-1.23347337 
-1.32451076 
-1.40204615 
-1.47919934 
-1.57895695 
-1.67931113 
-1.77925362 
-1.85380130 
-1.92177477 
-1.98674352 
-2.06708102 
-2.18460703 
-2.25396908 
-1.22766101 
-1.31292835 
-1.39639066 
-1.48086082 
-1.54497890 
-1.66522266 
-1.76596672 
-1.84932972 
-1.92242316 
-2.00549486 
-2.06799850 
-2.14369721 
-2.27015517 
-2.33302484 
-1.30912510 
-1.39880117 
-1.48097739 
-1.54560193 
-1.62768475 
-1.74250743 
-1.83231393 
-1.94538369 
-2.00955380 
-2.07141050 
-2.14537335 
-2.21455062 
-2.35201214 
-2.39534804 
-1.38983280 
-1.48206400 
-1.55979412 
-1.63539747 
-1.70339626 
-1.81766802 
-1.91892497 
-2.00449800 
-2.08093387 
-2.14903909 
-2.21079411 
-2.29062409 
-2.40896277 
-2.47507640 
-1.47069811 
-1.55203502 
-1.63408917 
-1.70457847 
-1.77231454 
-1.89255978 
-1.99207807 
-2.08090341 
-2.15465153 
-2.21682958 
-2.28891084 
-2.36717039 
-2.48426734 
-2.53412510 
-1.54595960 
-1.62817995 
-1.71201764 
-1.78425896 
-1.85003949 
-1.96753866 
-2.06363466 
-2.15962447 
-2.22950715 
-2.30166941 
-2.36363581 
-2.42885896 
-2.56020297 
-2.61960454 
-1.62697451 
-1.70849091 
-1.79574535 
-1.85373214 
-1.93674496 
-2.05027313 
-2.13739738 
-2.24075876 
-2.30576598 
-2.37323123 
-2.43063834 
-2.49402656 
-2.66476471 
-2.68875433 
-1.69322839 
-1.78504512 
-1.87090607 
-1.94296829 
-2.00756910 
-2.12698752 
-2.23456456 
-2.32862916 
-2.36803606 
-2.43366980 
-2.50923904 
-2.59009013 
-2.68649556 
-2.72017857 
-1.77047039 
-1.85672630 
-1.94445543 
-2.02307666 
-2.09876782 
-2.20451370 
-2.31439635 
-2.38602196 
-2.46080020 
-2.54590843 
-2.57267532 
-2.67715389 
-2.76344774 
-2.80006232 
-1.85662993 
-1.93474404 
-2.02103473 
-2.10278443 
-2.16379156 
-2.28033816 
-2.36863189 
-2.47415493 
-2.53377463 
-2.60482815 
-2.68974351 
-2.78225979 
-2.88621561 
-2.90718639 
-1.92929854 
-2.01005628 
-2.09476872 
-2.17798738 
-2.24374405 
-2.34944735 
-2.45112946 
-2.55097928 
-2.61488883 
-2.67162658 
-2.75589193 
-2.82056137 
-2.88866612 
-2.97517883 
-2.00256895 
-2.08601324 
-2.17542401 
-2.24833554 
-2.32103523 
-2.44553646 
-2.53831280 
-2.63768672 
-2.69486867 
-2.77006978 
-2.83366850 
-2.90454828 
-3.02756041 
-3.04509240 
-2.08407405 
-2.16822157 
-2.24579196 
-2.32020408 
-2.37926785 
-2.51275276 
-2.62317831 
-2.69267532 
-2.77570251 
-2.85759091 
-2.91080920 
-2.99478337 
-3.12690312 
-3.16522153 
-2.15392117 
-2.23777419 
-2.32359438 
-2.40341226 
-2.47397178 
-2.60705121 
-2.70927192 
-2.81354265 
-2.88624935 
-2.94686910 
-3.00356641 
-3.08346385 
-3.21349748 
-3.27105054 
-2.23215216 
-2.32765868 
-2.40097967 
-2.47889676 
-2.56541876 
-2.65496570 
-2.79856728 
-2.87667678 
-2.90833433 
-3.04992516 
-3.11190924 
-3.13715549 
-3.31201364 
-3.38729002 
-2.30598990 
-2.38665589 
-2.47548379 
-2.54069371 
-2.63030474 
-2.77202289 
-2.88483369 
-2.97073906 
-3.06215505 
-3.08024595 
-3.16390606 
-3.27521086 
-3.43040404 
-3.41244496 
-2.39241171 
-2.48046230 
-2.54895212 
-2.62927502 
-2.71238579 
-2.83872566 
-2.96521001 
-3.03456804 
-3.12000437 
-3.21139570 
-3.27801552 
-3.38637094 
-3.60361419 
-3.53200634 
-2.46887026 
-2.57078787 
-2.63706053 
-2.72275911 
-2.81151869 
-2.92863544 
-3.01540618 
-3.17159711 
-3.33164912 
-3.37098522 
-3.47435399 
-3.49162859 
-3.56461035 
-3.53385385 
-2.55026022 
-2.64242830 
-2.72552386 
-2.81118709 
-2.89334817 
-3.06294880 
-3.12381975 
-3.26609899 
-3.28030637 
-3.38907207 
-3.49649794 
-3.48063609 
-3.73776257 
-3.64522531 
-2.62581782 
-2.74500875 
-2.80904415 
-2.89545737 
-3.00328155 
-3.09869315 
-3.25148652 
-3.37135688 
-3.40044983 
-3.55553269 
-3.68453034 
-3.71370947 
-3.75644350 
-3.66035413 
-2.69484218 
-2.79600609 
-2.92115415 
-2.96652931 
-3.07633669 
-3.25514702 
-3.35768988 
-3.55098842 
-3.59421464 
-3.71716081 
-3.73659270 
-3.89136378 
-3.83636541 
-3.96470446 
-2.79069068 
-2.91366292 
-2.99112890 
-3.08504201 
-3.20275575 
-3.38831215 
-3.46548495 
-3.57555593 
-3.68599199 
-3.70189022 
-3.80527761 
-3.92376995 
-3.78018228 
-3.77966446 
