0.00987227 0.163838  0.00992072  0.00998375
0.00974512 4.65035  0.0197294  0.0199838
0.00962038 6.08478  0.0294122  0.0299839
0.00949801 6.55632  0.0389714  0.039984
0.00937794 6.92945  0.0484093  0.0499841
0.00926013 9.47019  0.0577284  0.0599842
0.00914453 18.5103  0.0669307  0.0699843
0.0090311 17.8939  0.0760185  0.0799844
0.00891977 16.0297  0.084994  0.0899845
0.00881052 14.9092  0.0938591  0.0999846
0.00870328 15.4429  0.102616  0.109985
0.00859802 17.4428  0.111267  0.119985
0.00849469 17.5507  0.119813  0.129985
0.00839325 16.7479  0.128257  0.139985
0.00829366 16.4627  0.1366  0.149985
0.00819588 17.4403  0.144845  0.159985
0.00809986 19.5055  0.152993  0.169985
0.00800556 20.3851  0.161046  0.179985
0.00791296 19.9404  0.169005  0.189986
0.007822 19.4116  0.176873  0.199986
0.00773266 19.094  0.18465  0.209986
0.0076449 18.8699  0.192339  0.219986
0.00755868 18.5731  0.19994  0.229986
0.00747397 18.3036  0.207457  0.239986
0.00739073 17.8775  0.214889  0.249986
0.00730894 17.0412  0.222239  0.259986
0.00722856 15.9893  0.229508  0.269986
0.00714956 15.1557  0.236697  0.279986
0.0070719 14.6501  0.243807  0.289986
0.00699557 14.0328  0.250841  0.299986
0.00692053 13.2307  0.257799  0.309987
0.00684676 12.3221  0.264683  0.319987
0.00677422 11.6219  0.271493  0.329987
0.00670289 11.1985  0.278232  0.339987
0.00663274 11.0106  0.2849  0.349987
0.00656376 10.8172  0.291498  0.359987
0.0064959 10.5893  0.298028  0.369987
0.00642916 10.3109  0.30449  0.379987
0.00636349 9.96694  0.310887  0.389987
0.0062989 9.44658  0.317218  0.399987
0.00623534 8.84463  0.323485  0.409987
0.0061728 8.15081  0.329689  0.419987
0.00611125 7.4646  0.335831  0.429988
0.00605069 6.96039  0.341912  0.439988
0.00599107 6.51487  0.347933  0.449988
0.0059324 6.03906  0.353895  0.459988
0.00587463 5.40692  0.359798  0.469988
0.00581777 4.71427  0.365644  0.479988
0.00576179 4.45392  0.371434  0.489988
0.00570666 4.22758  0.377168  0.499988
0.00565238 4.08495  0.382848  0.509988
0.00559893 3.93509  0.388474  0.519988
0.00554629 3.8393  0.394046  0.529988
0.00549444 3.81968  0.399567  0.539988
0.00544336 3.77127  0.405035  0.549988
0.00539305 3.36703  0.410454  0.559988
0.00534349 2.57951  0.415822  0.569988
0.00529465 2.1032  0.421141  0.579989
0.00524654 1.98332  0.426412  0.589989
0.00519913 1.9244  0.431634  0.599989
0.00515241 1.71971  0.43681  0.609989
0.00510636 1.25094  0.44194  0.619989
0.00506098 1.06056  0.447023  0.629989
0.00501625 1.04844  0.452062  0.639989
0.00497215 1.02951  0.457056  0.649989
0.00492868 0.931716  0.462006  0.659989
0.00488583 0.756513  0.466914  0.669989
0.00484358 0.72403  0.471778  0.679989
0.00480192 0.74179  0.476601  0.689989
0.00476083 0.727064  0.481383  0.699989
0.00472032 0.596834  0.486123  0.709989
0.00468037 0.284028  0.490823  0.719989
0.00464096 0.172066  0.495484  0.729989
0.00460209 0.166461  0.500106  0.73999
0.00456375 0.17481  0.504689  0.74999
0.00452592 0.173021  0.509233  0.75999
0.00448861 0.152857  0.513741  0.76999
0.00445179 0.147356  0.518211  0.77999
0.00441546 0.138368  0.522644  0.78999
0.00437962 0.124311  0.527042  0.79999
0.00434425 0.106014  0.531404  0.80999
0.00430934 0.0688709  0.535731  0.81999
0.00427489 0.0456483  0.540023  0.82999
0.00424088 0.040046  0.544281  0.83999
0.00420732 0.043441  0.548505  0.84999
0.00417419 0.0333517  0.552696  0.85999
0.00414148 -0.00249316  0.556853  0.86999
0.00410919 -0.0153434  0.560979  0.87999
0.00407731 -0.0139376  0.565072  0.88999
0.00404584 -0.0117529  0.569134  0.89999
0.00401476 -0.00517743  0.573164  0.90999
0.00398407 0.00505083  0.577163  0.91999
0.00395376 0.00287507  0.581132  0.92999
0.00392383 -0.00376458  0.585071  0.939991
0.00389427 0.000627028  0.58898  0.949991
0.00386507 0.00803735  0.59286  0.959991
0.00383623 0.0185197  0.59671  0.969991
0.00380774 0.025922  0.600532  0.979991
0.00377959 0.0288304  0.604326  0.989991
0.00375179 0.0308091  0.608092  0.999991
0.00372432 0.0255107  0.61183  1.00999
0.00369718 0.00735719  0.615541  1.01999
0.00367036 0.00497643  0.619224  1.02999
0.00364386 0.00916106  0.622881  1.03999
0.00361768 0.010019  0.626512  1.04999
0.0035918 0.0123156  0.630117  1.05999
0.00356622 0.0185665  0.633696  1.06999
0.00354095 0.0200596  0.63725  1.07999
0.00351596 0.0184868  0.640778  1.08999
0.00349127 0.0177752  0.644282  1.09999
0.00346686 0.0180919  0.647761  1.10999
0.00344272 0.0205452  0.651215  1.11999
0.00341887 0.0232641  0.654646  1.12999
0.00339528 0.0235982  0.658053  1.13999
0.00337196 0.0224578  0.661437  1.14999
0.00334891 0.0280919  0.664797  1.15999
0.00332611 0.0409973  0.668135  1.16999
0.00330357 0.0447769  0.67145  1.17999
0.00328128 0.0442275  0.674742  1.18999
0.00325923 0.0458831  0.678012  1.19999
0.00323743 0.0455557  0.681261  1.20999
0.00321586 0.0412376  0.684487  1.21999
0.00319454 0.0386578  0.687693  1.22999
0.00317344 0.0392263  0.690877  1.23999
0.00315258 0.0405077  0.69404  1.24999
0.00313194 0.0427541  0.697182  1.25999
0.00311152 0.0471278  0.700304  1.26999
0.00309132 0.0518982  0.703405  1.27999
0.00307133 0.0550081  0.706486  1.28999
0.00305156 0.0563572  0.709548  1.29999
0.003032 0.049691  0.71259  1.30999
0.00301264 0.0327905  0.715612  1.31999
0.00299349 0.0249312  0.718615  1.32999
0.00297453 0.024  0.721599  1.33999
0.00295578 0.0237148  0.724564  1.34999
0.00293721 0.0290922  0.727511  1.35999
0.00291884 0.0424746  0.730439  1.36999
0.00290066 0.0488723  0.733348  1.37999
0.00288267 0.0508184  0.73624  1.38999
0.00286486 0.0531428  0.739114  1.39999
0.00284723 0.0656626  0.74197  1.40999
0.00282978 0.0932523  0.744808  1.41999
0.0028125 0.106428  0.747629  1.42999
0.0027954 0.1083  0.750433  1.43999
0.00277847 0.108465  0.75322  1.44999
0.00276171 0.108544  0.75599  1.45999
0.00274511 0.107396  0.758744  1.46999
0.00272868 0.106533  0.761481  1.47999
0.00271241 0.107117  0.764201  1.48999
0.0026963 0.105774  0.766906  1.49999
0.00268035 0.0933161  0.769594  1.50999
0.00266456 0.0712245  0.772266  1.51999
0.00264892 0.0597815  0.774923  1.52999
0.00263342 0.0576938  0.777564  1.53999
0.00261808 0.0578306  0.78019  1.54999
0.00260289 0.0636877  0.782801  1.55999
0.00258784 0.0750583  0.785396  1.56999
0.00257293 0.0801527  0.787976  1.57999
0.00255817 0.0815242  0.790542  1.58999
0.00254355 0.084906  0.793093  1.59999
0.00252906 0.0960315  0.795629  1.60999
0.00251471 0.119525  0.798151  1.61999
0.00250049 0.130508  0.800659  1.62999
0.00248641 0.130842  0.803152  1.63999
0.00247246 0.126414  0.805631  1.64999
0.00245863 0.105854  0.808097  1.65999
0.00244494 0.063754  0.810549  1.66999
0.00243137 0.0390144  0.812987  1.67999
0.00241792 0.0341044  0.815412  1.68999
0.0024046 0.0353959  0.817823  1.69999
0.0023914 0.0441949  0.820221  1.70999
0.00237832 0.0626935  0.822606  1.71999
0.00236535 0.0749293  0.824978  1.72999
0.00235251 0.0787861  0.827336  1.73999
0.00233977 0.0803374  0.829683  1.74999
0.00232716 0.0817509  0.832016  1.75999
0.00231465 0.085305  0.834337  1.76999
0.00230225 0.0846336  0.836645  1.77999
0.00228997 0.0842281  0.838942  1.78999
0.00227779 0.0855459  0.841225  1.79999
0.00226572 0.0880049  0.843497  1.80999
0.00225376 0.0959236  0.845757  1.81999
0.0022419 0.0984687  0.848005  1.82999
0.00223014 0.0970271  0.850241  1.83999
0.00221849 0.0936993  0.852465  1.84999
0.00220693 0.0820414  0.854678  1.85999
0.00219548 0.0610926  0.856879  1.86999
0.00218412 0.0448971  0.859069  1.87999
0.00217286 0.0375307  0.861247  1.88999
0.0021617 0.0372072  0.863415  1.89999
0.00215063 0.0386812  0.865571  1.90999
0.00213965 0.0430649  0.867716  1.91999
0.00212877 0.046747  0.86985  1.92999
0.00211798 0.0483473  0.871973  1.93999
0.00210728 0.0492336  0.874086  1.94999
0.00209667 0.0537052  0.876188  1.95999
0.00208615 0.0617221  0.878279  1.96999
0.00207571 0.0683875  0.88036  1.97999
0.00206536 0.0683126  0.882431  1.98999
0.0020551 0.0674607  0.884491  1.99999
0.00204492 0.0669905  0.886541  2.00999
0.00203482 0.0623123  0.888581  2.01999
0.00202481 0.0564106  0.890611  2.02999
0.00201488 0.0546249  0.892631  2.03999
0.00200502 0.0542017  0.894641  2.04999
0.00199525 0.0530593  0.896641  2.05999
0.00198556 0.0529657  0.898631  2.06999
0.00197594 0.0544555  0.900612  2.07999
0.00196641 0.0534027  0.902583  2.08999
0.00195694 0.0527905  0.904545  2.09999
0.00194756 0.0529504  0.906497  2.10999
0.00193825 0.0524997  0.90844  2.11999
0.00192901 0.0515976  0.910374  2.12999
0.00191984 0.0516707  0.912298  2.13999
0.00191075 0.0531133  0.914213  2.14999
0.00190173 0.0555495  0.916119  2.15999
0.00189277 0.0579723  0.918017  2.16999
0.00188389 0.0600988  0.919905  2.17999
0.00187508 0.0604798  0.921785  2.18999
0.00186634 0.0599387  0.923655  2.19999
0.00185766 0.0542571  0.925517  2.20999
0.00184905 0.052916  0.927371  2.21999
0.0018405 0.0491789  0.929215  2.22999
0.00183202 0.0469399  0.931052  2.23999
0.00182361 0.0468132  0.932879  2.24999
0.00181526 0.0543552  0.934699  2.25999
0.00180697 0.060685  0.93651  2.26999
0.00179875 0.0695979  0.938313  2.27999
0.00179059 0.0725854  0.940108  2.28999
0.00178249 0.0688594  0.941894  2.29999
0.00177445 0.0700934  0.943673  2.30999
0.00176646 0.0682522  0.945443  2.31999
0.00175854 0.075351  0.947206  2.32999
0.00175068 0.0774689  0.94896  2.33999
0.00174288 0.0812745  0.950707  2.34999
0.00173513 0.0801065  0.952446  2.35999
0.00172744 0.0817149  0.954177  2.36999
0.00171981 0.081741  0.955901  2.37999
0.00171223 0.0827367  0.957617  2.38999
0.00170471 0.0808893  0.959325  2.39999
0.00169725 0.071973  0.961026  2.40999
0.00168983 0.0580846  0.96272  2.41999
0.00168247 0.0515599  0.964406  2.42999
0.00167517 0.0484273  0.966085  2.43999
0.00166792 0.0465865  0.967756  2.44999
0.00166071 0.051331  0.969421  2.45999
0.00165356 0.0622632  0.971078  2.46999
0.00164647 0.0755363  0.972728  2.47999
0.00163942 0.0864397  0.974371  2.48999
0.00163242 0.090417  0.976007  2.49999
0.00162547 0.104732  0.977636  2.50999
0.00161857 0.118552  0.979258  2.51999
0.00161172 0.11371  0.980873  2.52999
0.00160492 0.110382  0.982481  2.53999
0.00159816 0.103939  0.984083  2.54999
0.00159145 0.0960177  0.985677  2.55999
0.00158479 0.0805454  0.987266  2.56999
0.00157818 0.0704507  0.988847  2.57999
0.00157161 0.061245  0.990422  2.58999
0.00156508 0.0623312  0.99199  2.59999
0.0015586 0.0640009  0.993552  2.60999
0.00155217 0.0756858  0.995108  2.61999
0.00154578 0.0772926  0.996657  2.62999
0.00153943 0.0723052  0.998199  2.63999
0.00153313 0.0824535  0.999735  2.64999
0.00152686 0.0758619  1.00127  2.65999
0.00152065 0.0789123  1.00279  2.66999
0.00151447 0.0769397  1.00431  2.67999
0.00150833 0.0750093  1.00582  2.68999
0.00150224 0.0604276  1.00732  2.69999
0.00149619 0.0544664  1.00882  2.70999
0.00149017 0.055676  1.01032  2.71999
0.0014842 0.054444  1.0118  2.72999
0.00147827 0.0622023  1.01328  2.73999
0.00147237 0.0591638  1.01476  2.75
0.00146652 0.0561792  1.01623  2.76
0.0014607 0.0555905  1.01769  2.77
0.00145493 0.0554585  1.01915  2.78
0.00144919 0.0542496  1.0206  2.79
0.00144348 0.0539646  1.02205  2.8
0.00143782 0.0585325  1.02349  2.81
0.00143219 0.0598842  1.02492  2.82
0.0014266 0.0686788  1.02635  2.83
0.00142104 0.0713544  1.02778  2.84
0.00141552 0.0673509  1.0292  2.85
0.00141004 0.0655751  1.03061  2.86
0.00140459 0.0605891  1.03202  2.87
0.00139918 0.055559  1.03342  2.88
0.0013938 0.0531167  1.03481  2.89
0.00138845 0.0495435  1.03621  2.9
0.00138314 0.0524172  1.03759  2.91
0.00137786 0.0534278  1.03897  2.92
0.00137262 0.0643825  1.04035  2.93
0.00136741 0.0534773  1.04172  2.94
0.00136223 0.0487614  1.04308  2.95
0.00135709 0.0394723  1.04444  2.96
0.00135197 0.0354203  1.0458  2.97
0.00134689 0.0377498  1.04715  2.98
0.00134184 0.0309385  1.04849  2.99
