0.00998375
0.0199838
0.0299839
0.039984
0.0499841
0.0599842
0.0699843
0.0799844
0.0899845
0.0999846
0.109985
0.119985
0.129985
0.139985
0.149985
0.159985
0.169985
0.179985
0.189986
0.199986
0.209986
0.219986
0.229986
0.239986
0.249986
0.259986
0.269986
0.279986
0.289986
0.299986
0.309987
0.319987
0.329987
0.339987
0.349987
0.359987
0.369987
0.379987
0.389987
0.399987
0.409987
0.419987
0.429988
0.439988
0.449988
0.459988
0.469988
0.479988
0.489988
0.499988
0.509988
0.519988
0.529988
0.539988
0.549988
0.559988
0.569988
0.579989
0.589989
0.599989
0.609989
0.619989
0.629989
0.639989
0.649989
0.659989
0.669989
0.679989
0.689989
0.699989
0.709989
0.719989
0.729989
0.73999
0.74999
0.75999
0.76999
0.77999
0.78999
0.79999
0.80999
0.81999
0.82999
0.83999
0.84999
0.85999
0.86999
0.87999
0.88999
0.89999
0.90999
0.91999
0.92999
0.939991
0.949991
0.959991
0.969991
0.979991
0.989991
0.999991
1.00999
1.01999
1.02999
1.03999
1.04999
1.05999
1.06999
1.07999
1.08999
1.09999
1.10999
1.11999
1.12999
1.13999
1.14999
1.15999
1.16999
1.17999
1.18999
1.19999
1.20999
1.21999
1.22999
1.23999
1.24999
1.25999
1.26999
1.27999
1.28999
1.29999
1.30999
1.31999
1.32999
1.33999
1.34999
1.35999
1.36999
1.37999
1.38999
1.39999
1.40999
1.41999
1.42999
1.43999
1.44999
1.45999
1.46999
1.47999
1.48999
1.49999
1.50999
1.51999
1.52999
1.53999
1.54999
1.55999
1.56999
1.57999
1.58999
1.59999
1.60999
1.61999
1.62999
1.63999
1.64999
1.65999
1.66999
1.67999
1.68999
1.69999
1.70999
1.71999
1.72999
1.73999
1.74999
1.75999
1.76999
1.77999
1.78999
1.79999
1.80999
1.81999
1.82999
1.83999
1.84999
1.85999
1.86999
1.87999
1.88999
1.89999
1.90999
1.91999
1.92999
1.93999
1.94999
1.95999
1.96999
1.97999
1.98999
1.99999
2.00999
2.01999
2.02999
2.03999
2.04999
2.05999
2.06999
2.07999
2.08999
2.09999
2.10999
2.11999
2.12999
2.13999
2.14999
2.15999
2.16999
2.17999
2.18999
2.19999
2.20999
2.21999
2.22999
2.23999
2.24999
2.25999
2.26999
2.27999
2.28999
2.29999
2.30999
2.31999
2.32999
2.33999
2.34999
2.35999
2.36999
2.37999
2.38999
2.39999
2.40999
2.41999
2.42999
2.43999
2.44999
2.45999
2.46999
2.47999
2.48999
2.49999
2.50999
2.51999
2.52999
2.53999
2.54999
2.55999
2.56999
2.57999
2.58999
2.59999
2.60999
2.61999
2.62999
2.63999
2.64999
2.65999
2.66999
2.67999
2.68999
2.69999
2.70999
2.71999
2.72999
2.73999
2.75
2.76
2.77
2.78
2.79
2.8
2.81
2.82
2.83
2.84
2.85
2.86
2.87
2.88
2.89
2.9
2.91
2.92
2.93
2.94
2.95
2.96
2.97
2.98
2.99
