0.0 
0.0 
0.999998577701 
0.999993247193 
0.999987202784 
0.999980847216 
0.999972154064 
0.999962482251 
0.999951003325 
0.999938365404 
0.999924069955 
0.999908536041 
0.999891412644 
0.999873007075 
0.999853050409 
0.999831784281 
0.999808991536 
0.999784870825 
0.999759240434 
0.999732268784 
0.999703799887 
0.99967397977 
0.999642671908 
0.999610005131 
0.999575858128 
0.999540346119 
0.999503360021 
0.999465003982 
0.999425178953 
0.999383979956 
0.999341316292 
0.99929727532 
0.999251773418 
0.9992048914 
0.999156551724 
0.999106829572 
0.999055652676 
0.999003091299 
0.998949077783 
0.998893678086 
0.998836828616 
0.99877859152 
0.998718906821 
0.998657833263 
0.998595314108 
0.998531405055 
0.998466052271 
0.998399308703 
0.998331123164 
0.998261546104 
0.998190528729 
0.998118119223 
0.998044270977 
0.997969030102 
0.997892351997 
0.997814280867 
0.997734773958 
0.997653873722 
0.997571539107 
0.997487810947 
0.997402649768 
0.997316094899 
0.997228108342 
0.997138728024 
0.997047917312 
0.996955712836 
0.996862079239 
0.996767051935 
0.996670596764 
0.996572748 
0.996473472605 
0.996372803785 
0.996270709555 
0.996167222126 
0.996062310503 
0.995956005943 
0.995848278392 
0.995739158224 
0.995628616267 
0.99551668205 
0.99540332724 
0.995288580568 
0.9951724145 
0.995054857013 
0.994935881324 
0.994815514695 
0.994693731062 
0.994570557005 
0.994445967143 
0.994319987411 
0.994192593079 
0.994063809464 
0.993933612458 
0.993802026788 
0.993669028943 
0.993534643089 
0.993398846283 
0.993261662153 
0.993123068303 
0.992983087843 
0.992841698903 
0.992698924101 
0.992554742065 
0.992409174945 
0.99226220185 
0.992113844476 
0.991964082395 
0.991812936868 
0.991660387915 
0.991506456379 
0.991351122707 
0.99119440734 
0.991036291141 
0.990876794163 
0.990715897668 
0.990553621337 
0.990389946817 
0.990224893429 
0.990058443193 
0.989890615085 
0.989721391481 
0.989550791025 
0.989378796441 
0.989205426049 
0.989030662911 
0.988854525035 
0.98867699581 
0.988498092939 
0.988317800128 
0.98813613479 
0.987953080936 
0.987768655698 
0.987582843384 
0.98739566085 
0.987207092694 
0.987017155508 
0.986825834167 
0.986633145011 
0.986439073184 
0.986243634774 
0.986046815197 
0.985848630294 
0.985649065737 
0.985448137136 
0.985245830412 
0.985042160946 
0.984837114904 
0.984630707445 
0.984422924973 
0.984213782433 
0.984003266456 
0.98379139178 
0.983578145264 
0.983363541439 
0.983147567383 
0.982930237431 
0.982711538876 
0.982491485859 
0.982270065882 
0.982047292898 
0.981823154614 
0.9815976648 
0.98137081136 
0.981142607888 
0.980913042484 
0.980682128566 
0.980449854423 
0.980216233306 
0.979981253692 
0.979744928662 
0.979507246878 
0.979268221259 
0.979027840642 
0.978786117794 
0.978543041724 
0.978298625042 
0.978052856931 
0.97780574985 
0.977557293149 
0.97730749914 
0.977056357337 
0.976803879908 
0.976550056527 
0.976294899222 
0.976038397824 
0.975780564225 
0.97552138841 
0.975260882134 
0.974999035534 
0.974735860235 
0.974471346522 
0.974205505892 
0.973938328774 
0.97366982654 
0.973399989761 
0.973128829685 
0.972856337025 
0.972582522909 
0.972307378185 
0.972030913863 
0.971753120927 
0.971474010271 
0.971193573012 
0.97091181993 
0.970628742273 
0.970344350709 
0.970058636613 
0.969771610547 
0.969483264009 
0.969193607455 
0.968902632507 
0.968610349516 
0.968316750227 
0.968021844886 
0.967725625357 
0.967428101787 
0.967129266158 
0.966829128517 
0.966527680961 
0.96622493344 
0.965920878165 
0.965615524994 
0.965308866246 
0.965000911685 
0.964691653742 
0.96438110209 
0.964069249267 
0.963756104856 
0.963441661503 
0.9631259287 
0.9628088992 
0.962490582408 
0.962170971178 
0.961850074833 
0.961527886329 
0.961204414901 
0.960879653608 
0.960553611605 
0.960226282045 
0.959897674005 
0.959567780737 
0.959236611234 
0.958904158846 
0.958570432489 
0.958235425607 
0.957899147038 
0.957561590319 
0.957222764214 
0.956882662352 
0.95654129342 
0.95619865114 
0.955854744126 
0.955509566188 
0.955163125868 
0.954815417066 
0.954466448252 
0.954116213412 
0.953764720948 
0.95341196493 
0.953057953693 
0.952702681392 
0.952346156292 
0.951988372634 
0.951629338616 
0.95126904856 
0.9509075106 
0.95054471914 
0.950180682247 
0.949815394408 
0.949448863625 
0.949081084464 
0.948712064867 
0.948341799477 
0.947970296172 
0.947597549674 
0.947223567802 
0.946848345352 
0.946471890085 
0.946094196873 
0.945715273415 
0.945335114659 
0.944953728248 
0.944571109201 
0.944187265104 
0.943802191051 
0.943415894569 
0.943028370825 
0.942639627291 
0.942249659203 
0.94185847398 
0.94146606693 
0.941072445414 
0.94067760481 
0.940281552427 
0.939884283713 
0.939485805922 
0.93908611457 
0.93868521686 
0.938283108375 
0.937879796267 
0.937475276185 
0.937069555229 
0.936662629116 
0.936254504896 
0.935845178349 
0.935434656476 
0.935022935124 
0.934610021243 
0.934195910743 
0.933780610528 
0.933364116569 
0.932946435724 
0.932527564026 
0.932107508285 
0.931686264598 
0.931263839726 
0.930840229827 
0.930415441619 
0.929989471318 
0.929562325599 
0.929134000736 
0.928704503359 
0.928273829803 
0.927841986652 
0.927408970301 
0.92697478729 
0.926539434072 
0.926102917143 
0.925665233014 
0.92522638814 
0.924786379087 
0.924345212268 
0.923902884306 
0.923459401573 
0.923014760747 
0.922568968158 
0.92212202054 
0.921673924183 
0.921224675876 
0.920774281867 
0.920322739001 
0.919870053485 
0.919416222218 
0.918961251369 
0.918505137887 
0.918047887905 
0.917589498424 
0.917129975539 
0.916669316303 
0.916207526772 
0.915744604051 
0.915280554159 
0.914815374252 
0.914349070312 
0.913881639545 
0.913413087898 
0.912943412626 
0.912472619639 
0.912000706242 
0.91152767831 
0.911053533197 
0.910578276742 
0.910101906349 
0.909624427821 
0.90914583861 
0.908666144485 
0.908185342945 
0.907703439726 
0.907220432374 
0.90673632659 
0.906251119968 
0.905764818175 
0.905277418851 
0.904788927632 
0.904299342203 
0.903808668166 
0.903316903253 
0.902824053032 
0.902330115282 
0.901835095539 
0.901338991625 
0.900841809046 
0.900343545667 
0.899844206963 
0.899343790844 
0.898842302753 
0.898339740645 
0.89783610993 
0.897331408606 
0.896825642056 
0.896318808318 
0.895810912745 
0.895301953419 
0.894791935661 
0.894280857597 
0.893768724518 
0.89325553459 
0.892741293077 
0.892225998187 
0.891709655152 
0.891192262222 
0.890673824603 
0.890154340582 
0.889633815338 
0.8891122472 
0.888589641317 
0.888065996058 
0.887541316544 
0.887015601185 
0.886488855074 
0.885961076659 
0.885432271006 
0.884902436604 
0.88437157849 
0.88383969519 
0.883306791718 
0.882772866638 
0.882237924934 
0.88170196521 
0.881164992424 
0.880627005217 
0.880088008523 
0.879548001017 
0.879006987609 
0.878464967011 
0.877921944106 
0.877377917646 
0.876832892486 
0.876286867414 
0.875739847262 
0.875191830853 
0.874642822994 
0.874092822543 
0.873541834284 
0.87298985711 
0.87243689578 
0.871882949223 
0.871328022173 
0.870772113595 
0.870215228197 
0.86965736498 
0.869098528629 
0.868538718179 
0.86797793829 
0.867416188031 
0.866853472041 
0.866289789421 
0.865725144787 
0.865159537273 
0.864592971474 
0.864025446556 
0.86345696709 
0.862887532277 
0.862317146665 
0.861745809487 
0.861173525269 
0.860600293276 
0.860026118011 
0.859450998774 
0.858874940044 
0.858297941153 
0.857720006559 
0.857141135624 
0.856561332786 
0.855980597437 
0.855398933995 
0.854816341883 
0.854232825497 
0.85364838429 
0.853063022638 
0.852476740026 
0.851889540807 
0.851301424497 
0.850712395428 
0.850122453146 
0.849531601964 
0.848939841456 
0.848347175915 
0.847753604946 
0.84715913282 
0.846563759172 
0.845967488252 
0.845370319727 
0.844772257825 
0.84417330224 
0.843573457185 
0.842972722379 
0.842371102016 
0.841768595845 
0.841165208039 
0.840560938376 
0.839955791008 
0.839349765744 
0.838742866715 
0.838135093757 
0.837526450984 
0.836916938258 
0.836306559676 
0.835695315125 
0.835083208683 
0.834470240267 
0.833856413934 
0.833241729629 
0.832626191392 
0.832009799191 
0.83139255705 
0.830774464964 
0.830155526937 
0.829535742991 
0.828915117113 
0.82829364935 
0.827671343672 
