0.0 
0.0 
0.999999911103 
0.999999734167 
0.999999476701 
0.999999123708 
0.999998657312 
0.999998061312 
0.999997321214 
0.999996426113 
0.999995371669 
0.999994162238 
0.999992811192 
0.999991343399 
0.999989796994 
0.999988222421 
0.999986683554 
0.999985256055 
0.999984025367 
0.99998308371 
0.999981271147 
0.999979247736 
0.999977147417 
0.999974991642 
0.999972805841 
0.999970619428 
0.999968465642 
0.999966381109 
0.999963903183 
0.999961219665 
0.999958457383 
0.99995562975 
0.99995275212 
0.999949841591 
0.999946917429 
0.999944000551 
0.999940817393 
0.999937448418 
0.999933999209 
0.999930479396 
0.999926899732 
0.99992327221 
0.999919609826 
0.999915926748 
0.999912032757 
0.999907968403 
0.999903822596 
0.999899602883 
0.999895317497 
0.999890975461 
0.999886586583 
0.99988216137 
0.999877555459 
0.999872790687 
0.999867943512 
0.999863020126 
0.999858027227 
0.999852972038 
0.999847862313 
0.999842706337 
0.99983738839 
0.999831920302 
0.999826369126 
0.999820740061 
0.999815038708 
0.999809271071 
0.999803443595 
0.999797563006 
0.999791533119 
0.99978535996 
0.999779103106 
0.999772767136 
0.999766356796 
0.999759877255 
0.999753333947 
0.999746732577 
0.999739990958 
0.999733111577 
0.999726148012 
0.999719104322 
0.999711984681 
0.999704793558 
0.999697535693 
0.999690216048 
0.999682762906 
0.999675176479 
0.999667505542 
0.999659753633 
0.999651924492 
0.999644022118 
0.999636050638 
0.999628014412 
0.999619849979 
0.999611556005 
0.999603177189 
0.99959471674 
0.999586178019 
0.99957756461 
0.999568880231 
0.999560128718 
0.999551253193 
0.99954225132 
0.999533164316 
0.999523995126 
0.999514746838 
0.999505422626 
0.999496025879 
0.999486560077 
0.999476973648 
0.999467263613 
0.99945746824 
0.999447590193 
0.999437632309 
0.999427597528 
0.999417488883 
0.999407309564 
0.99939701247 
0.99938659413 
0.999376090238 
0.999365503282 
0.999354835855 
0.999344090676 
0.999333270545 
0.999322378356 
0.99931137079 
0.999300244062 
0.999289031584 
0.999277735704 
0.999266358832 
0.999254903462 
0.999243372175 
0.99923176768 
0.999220049842 
0.999208214661 
0.999196293614 
0.999184288854 
0.999172202623 
0.999160037275 
0.999147795204 
0.999135478893 
0.99912305101 
0.99911050741 
0.99909787779 
0.999085164214 
0.999072368764 
0.999059493627 
0.999046541053 
0.999033513357 
0.999020375629 
0.999007123665 
0.998993785567 
0.998980363252 
0.998966858722 
0.998953274024 
0.99893961125 
0.998925872589 
0.998912025245 
0.998898064981 
0.998884018489 
0.998869887577 
0.998855674122 
0.998841380068 
0.99882700739 
0.998812558104 
0.998798001373 
0.998783332902 
0.998768578118 
0.998753738751 
0.998738816557 
0.998723813358 
0.998708731041 
0.998693571522 
0.99867830561 
0.998662929071 
0.998647466144 
0.998631918456 
0.998616287716 
0.998600575617 
0.998584783956 
0.998568914547 
0.998552939722 
0.998536855261 
0.998520684346 
0.998504428536 
0.998488089423 
0.998471668659 
0.998455167929 
0.998438588957 
0.998421905451 
0.998405113227 
0.99838823448 
0.99837127072 
0.998354223468 
0.998337094274 
0.998319884772 
0.998302596572 
0.998285204631 
0.998267704845 
0.998250118487 
0.99823244699 
0.998214691819 
0.99819685447 
0.998178936462 
0.998160939376 
0.998142839282 
0.998124632118 
0.998106338348 
0.998087959336 
0.998069496487 
0.99805095123 
0.998032325022 
0.998013619361 
0.997994811377 
0.997975897054 
0.997956896085 
0.997937809794 
0.997918639517 
0.997899386617 
0.997880052506 
0.99786063862 
0.997841123013 
0.997821501765 
0.997801793848 
0.997782000512 
0.997762123066 
0.997742162817 
0.99772212111 
0.997701999319 
0.997681776389 
0.997661448454 
0.99764103383 
0.997620533725 
0.997599949376 
0.99757928206 
0.997558533063 
0.997537703707 
0.997516773756 
0.997495739399 
0.997474618326 
0.997453411719 
0.997432120763 
0.997410746677 
0.997389290719 
0.997367754141 
0.997346117464 
0.997324376958 
0.997302549726 
0.997280636891 
0.997258639621 
0.997236559081 
0.99721439647 
0.997192153023 
0.99716980994 
0.99714736356 
0.997124830443 
0.997102211681 
0.997079508397 
0.997056721718 
0.997033852788 
0.997010902807 
0.996987853649 
0.996964701693 
0.996941462999 
0.996918138616 
0.996894729629 
0.996871237137 
0.996847662255 
0.996824006112 
0.996800251198 
0.996776393996 
0.996752450028 
0.996728420338 
0.996704305988 
0.996680108015 
0.996655827506 
0.99663146557 
0.996607005264 
0.996582443103 
0.996557794203 
0.996533059538 
0.996508240141 
0.996483337047 
0.996458351286 
0.996433283924 
0.996408118569 
0.99638285179 
0.996357498278 
0.996332059 
0.996306534913 
0.996280927037 
0.996255236382 
0.996229463976 
0.996203593921 
0.996177622875 
0.996151565094 
0.99612542152 
0.996099193114 
0.996072880827 
0.99604648566 
0.996020008609 
0.995993434242 
0.995966759277 
0.995939997598 
0.995913150103 
0.995886217729 
0.995859201414 
0.995832102114 
0.995804920793 
0.995777642497 
0.995750263971 
0.995722798746 
0.995695247712 
0.995667611748 
0.99563989179 
0.995612088759 
0.995584203584 
0.995556221739 
0.995528140042 
0.995499971655 
0.995471717446 
0.995443378296 
0.995414955077 
0.995386448709 
0.9953578601 
0.995329175109 
0.995300390624 
0.99527151947 
0.995242562486 
0.995213520534 
0.995184394481 
0.995155185186 
0.995125893557 
0.995096505843 
0.995067018957 
0.995037445435 
0.99500778609 
0.994978041744 
0.994948213254 
0.99491830147 
0.994888307259 
0.994858217217 
0.994828028347 
0.994797752856 
0.99476739155 
0.994736945239 
0.994706414735 
0.994675800884 
0.994645104528 
0.994614312607 
0.994583422173 
0.994552445146 
0.994521382305 
0.994490234444 
0.994459002375 
0.994427686886 
0.994396288821 
0.994364795463 
0.994333203882 
0.994301525745 
0.994269761813 
0.994237912851 
0.994205979642 
0.994173962988 
0.994141863681 
0.994109669315 
0.994077377041 
0.994044998238 
0.994012533653 
0.993979984038 
0.99394735015 
0.993914632776 
0.993881832693 
0.993848937786 
0.993815945261 
0.993782866242 
0.993749701455 
0.993716451645 
0.99368311755 
0.993649699923 
0.993616199535 
0.993582604566 
0.993548912248 
0.993515133473 
0.993481268957 
0.993447319414 
0.993413285576 
0.99337916818 
0.993344967969 
0.993310673409 
0.993276281771 
0.993241803714 
0.993207239941 
0.993172591152 
0.993137858054 
0.993103041378 
0.993068141852 
0.993033148182 
0.992998057707 
0.992962880856 
0.992927618307 
0.992892270755 
0.992856838894 
0.992821323425 
0.992785725071 
0.9927500328 
0.992714243971 
0.99267836881 
0.992642407986 
0.99260636217 
0.992570232049 
0.992534018313 
0.992497721647 
0.992461331272 
0.992424844599 
0.992388271637 
0.99235161304 
0.992314869472 
0.992278041595 
0.992241130092 
0.992204135641 
0.99216704768 
0.992129863671 
0.99209259342 
0.992055237567 
0.99201779676 
0.991980271659 
0.991942662916 
0.991904971205 
0.991867186189 
0.991829305357 
0.991791338339 
0.991753285754 
0.991715148241 
0.991676926437 
0.991638620996 
0.991600232566 
0.991561751029 
0.991523173913 
0.99148451066 
0.991445761882 
0.991406928199 
0.991368010239 
0.991329008639 
0.99128992404 
0.991250746527 
0.99121147367 
0.991172114726 
0.991132670295 
0.991093140987 
0.991053527424 
0.991013830221 
0.990974050013 
0.99093417708 
0.99089420903 
0.990854154945 
0.990814015421 
0.990773791051 
0.99073348244 
0.990693090199 
0.990652614944 
0.990612047155 
0.990571384472 
0.990530635807 
0.990489801748 
0.99044888288 
0.990407879794 
0.990366793092 
0.990325623373 
0.990284361304 
0.990243004555 
0.990201561892 
0.990160033874 
0.990118421085 
0.990076724107 
0.99003494352 
0.989993079926 
0.989951124158 
0.989909073931 
0.989866937846 
0.989824716458 
0.989782410335 
0.98974002005 
0.989697546178 
0.989654989301 
0.989612340432 
0.989569597317 
0.989526768401 
0.989483854231 
0.989440855374 
0.989397772379 
0.989354605822 
0.989311356272 
0.989268014902 
0.989224579497 
0.989181058356 
0.989137452015 
0.989093761024 
0.989049985935 
0.989006127304 
0.988962185692 
0.988918152438 
0.988874025351 
0.988829812593 
0.988785514696 
0.988741132189 
0.988696665622 
0.98865211554 
0.988607482492 
0.988562757975 
0.98851793983 
0.988473036078 
0.988428047241 
0.988382973849 
0.988337816431 
0.988292575525 
0.988247251678 
0.988201836528 
0.988156327951 
0.988110733839 
0.988065054699 
0.98801929105 
0.987973443419 
0.987927512336 
0.987881498328 
0.987835393188 
0.987789194821 
0.987742910984 
0.987696542185 
0.987650088929 
0.987603551732 
0.987556931118 
0.987510227605 
0.987463433126 
0.987416545619 
0.987369572716 
0.987322514907 
0.987275372701 
0.987228146601 
0.987180837115 
0.987133444767 
0.987085961617 
0.987038385629 
0.986990724319 
0.986942978163 
0.986895147664 
0.986847233321 
0.986799235637 
0.98675115511 
0.986702983958 
0.986654720158 
0.986606371101 
0.986557937276 
0.986509419165 
0.986460817255 
0.986412132047 
0.986363364036 
0.986314505556 
0.986265554626 
0.986216518516 
0.986167397695 
0.986118192656 
0.986068903869 
0.986019531822 
0.985970077017 
0.985920531901 
0.98587089452 
0.98582117204 
0.985771364925 
0.985721473641 
0.985671498668 
0.985621440489 
0.985571299583 
0.985521068533 
0.985470745407 
0.985420337252 
0.985369844535 
0.985319267718 
0.985268607266 
0.985217863655 
0.98516703736 
0.985116121082 
0.985065112918 
0.985014019804 
0.984962842193 
0.984911580553 
0.984860235339 
0.984808807015 
0.984757296052 
0.984705695267 
0.984654002777 
0.984602225419 
0.984550363644 
0.9844984179 
0.984446388647 
0.98439427634 
0.984342081436 
0.984289796866 
0.984237420777 
0.984184959905 
0.984132414694 
0.984079785583 
0.98402707302 
0.98397427746 
0.983921399355 
0.983868431738 
0.983815372791 
0.983762229144 
0.983709001228 
0.983655689489 
0.983602294362 
0.983548816291 
0.98349525573 
0.983441605819 
0.983387864751 
0.983334039075 
0.983280129211 
0.983226135591 
0.983172058651 
0.983117898829 
0.983063656568 
0.983009325116 
0.98295490269 
0.982900395735 
0.98284580468 
0.982791129941 
0.982736371951 
0.982681531143 
0.982626607947 
0.98257159572 
0.982516492699 
0.98246130524 
0.982406033754 
0.982350678666 
0.982295240399 
0.982239719374 
0.982184116024 
0.982128423795 
0.98207264095 
0.982016773753 
0.981960822622 
0.981904787962 
0.981848670193 
0.981792469736 
0.981736187013 
0.981679815567 
0.981623353681 
0.981566807536 
0.981510177542 
0.981453464097 
0.98139666762 
0.981339788522 
0.981282827216 
0.981225777345 
0.98116863722 
0.981111412926 
0.981054104859 
0.980996713433 
0.980939239045 
0.980881682102 
0.980824043021 
0.98076631553 
0.980708497956 
0.980650596311 
0.980592610987 
0.980534542379 
0.980476390889 
0.980418156918 
0.980359840873 
0.980301436576 
0.980242942371 
0.980184364189 
0.980125702418 
0.980066957449 
0.980008129674 
0.979949219492 
0.979890227305 
0.979831147017 
0.979771977005 
0.979712723108 
0.979653385712 
0.979593965203 
0.979534461975 
0.97947487641 
0.979415208913 
0.979355453474 
0.979295608478 
0.979235679702 
0.979175667513 
0.979115572303 
0.979055394453 
0.978995134347 
0.978934792379 
0.978874362624 
0.978813843489 
0.978753240667 
0.978692554536 
0.978631785466 
0.978570933839 
0.97851000004 
0.978448984448 
0.978387881223 
0.978326688798 
0.978265412788 
0.978204053559 
0.978142611485 
0.978081086939 
0.978019480296 
0.977957791944 
0.977896016117 
0.977834151257 
0.977772202916 
0.977710171453 
0.977648057235 
0.977585860634 
0.977523582024 
0.977461221772 
0.977398774204 
0.97733623778 
0.977273617975 
0.977210915147 
0.977148129659 
0.977085261877 
0.977022312169 
0.976959280902 
0.976896162471 
0.976832955362 
0.976769664972 
0.976706291659 
0.976642835782 
0.976579297701 
0.976515677777 
0.976451976379 
0.976388187973 
0.97632431106 
0.976260350975 
0.976196308067 
0.97613218269 
0.976067975202 
0.976003685958 
0.975939315321 
0.975874857837 
0.975810312019 
0.975745683132 
0.975680971527 
0.975616177548 
0.975551301552 
0.975486343893 
0.975421304925 
0.975356179263 
0.975290965443 
0.975225668663 
0.975160289265 
0.975094827598 
0.975029284005 
0.974963658838 
0.974897952453 
0.974832159529 
0.97476627862 
0.974700314861 
0.974634268589 
0.974568140145 
0.974501929877 
0.974435638126 
0.97436926524 
0.974302805979 
0.974236258905 
0.97416962909 
0.974102916871 
0.974036122582 
0.973969246564 
0.973902289159 
0.973835250711 
0.973768126039 
0.973700913731 
0.973633618793 
0.973566241558 
0.973498782361 
0.973431241532 
0.973363619411 
0.973295916337 
0.973228127201 
0.973160250601 
0.973092291483 
0.973024250177 
0.97295612701 
0.972887922319 
0.97281963643 
0.972751269682 
0.97268281703 
0.972614277088 
0.972545654742 
0.972476950318 
0.972408164139 
0.972339296535 
0.972270347837 
0.972201318373 
0.972132203162 
0.972063000838 
0.971993716225 
0.971924349645 
0.97185490142 
0.971785371873 
0.971715761332 
0.971646070123 
0.971576293321 
0.971506429579 
0.971436483666 
0.971366455898 
0.971296346594 
0.971226156075 
0.971155884663 
0.971085532681 
0.971015095271 
0.970944571093 
0.970873964861 
0.970803276888 
0.97073250749 
0.970661656983 
0.970590725686 
0.97051971392 
0.97044861688 
0.970377433251 
0.970306167687 
0.970234820494 
0.970163391991 
0.970091882487 
0.970020292296 
0.969948621739 
0.969876866071 
0.969805023985 
0.969733100085 
0.969661094676 
0.969589008064 
0.969516840565 
0.969444592484 
0.969372264137 
0.969299850842 
0.969227351302 
0.969154770069 
0.969082107449 
0.969009363739 
0.96893653925 
0.968863634292 
0.96879064917 
0.96871757926 
0.968644423283 
0.968571185734 
0.968497866914 
0.968424467124 
0.968350986669 
0.968277425848 
0.968203784971 
0.968130059469 
0.968056248073 
0.967982355232 
0.96790838124 
0.967834326393 
0.967760190994 
0.967685975343 
0.967611679741 
0.967537299676 
0.967462833895 
0.967388286789 
0.967313658656 
0.96723894979 
0.967164160483 
0.967089291039 
0.967014341754 
0.966939308166 
0.966864189038 
0.966788988715 
0.966713707484 
0.966638345639 
0.966562903473 
0.96648738128 
0.966411779356 
0.966336093295 
0.966260321869 
0.966184469375 
0.966108536099 
0.966032522328 
0.965956428354 
0.965880254468 
0.965804000962 
0.965727663483 
0.965651240816 
0.965574737208 
0.965498152945 
0.96542148831 
0.965344743589 
0.965267919075 
0.965191015055 
0.965114027222 
0.965036954384 
0.964959800731 
0.964882566548 
0.96480525212 
0.964727857727 
0.964650383655 
0.964572830192 
0.964495193084 
0.964417471143 
0.964339668523 
0.964261785499 
0.964183822352 
0.964105779366 
0.964027656819 
0.963949454995 
0.963871169691 
0.963792799734 
0.96371434923 
0.96363581845 
0.963557207675 
0.96347851718 
0.963399747248 
0.963320898156 
0.96324196575 
0.963162948869 
0.963083851572 
0.963004674133 
0.962925416825 
0.962846079923 
0.962766663703 
0.962687168446 
0.962607590039 
0.962527927335 
0.962448184352 
0.962368361354 
0.962288458617 
0.962208476412 
0.962128415012 
0.962048274692 
0.961968051395 
0.96188774398 
0.961807356417 
0.961726888976 
0.961646341924 
0.96156571553 
0.961485010068 
0.961404225807 
0.961323358732 
0.961242407723 
0.961161376703 
0.961080265937 
0.960999075693 
0.960917806234 
0.960836457829 
0.960755030754 
0.960673521032 
0.960591927554 
0.960510254203 
0.960428501242 
0.960346668932 
0.960264757539 
0.960182767331 
0.960100698572 
0.960018547338 
0.959936312528 
0.959853997984 
0.959771603967 
0.959689130733 
0.959606578548 
0.959523947674 
0.959441238375 
0.959358446771 
0.959275571774 
0.959192617181 
0.959109583251 
0.959026470242 
0.958943278412 
0.958860008024 
0.958776659338 
0.958693228517 
0.958609714483 
0.958526120997 
0.958442448312 
0.958358696682 
0.958274866366 
0.958190957621 
0.958106970706 
0.95802290183 
0.957938749922 
0.957854518703 
0.957770208425 
0.957685819341 
0.957601351703 
0.95751680577 
0.957432181795 
0.95734747603 
0.957262687418 
0.957177819637 
0.957092872937 
0.95700784757 
0.956922743786 
0.956837561839 
0.956752301984 
0.956666960508 
0.956581536368 
0.956496033206 
0.956410451266 
0.956324790797 
0.956239052049 
0.956153235273 
0.95606734072 
0.95598136472 
0.95589530624 
0.955809168881 
0.95572295289 
0.95563665851 
0.955550285987 
0.955463835574 
0.955377307517 
0.955290698188 
0.955204006564 
0.955117236207 
0.955030387359 
0.954943460267 
0.954856455173 
0.954769372323 
0.954682211965 
0.954594970509 
0.954507646942 
0.954420244792 
0.954332764297 
0.954245205697 
0.954157569239 
0.95406985516 
0.953982063709 
0.953894191339 
0.953806237039 
0.953718204306 
0.953630093376 
0.953541904484 
0.953453637875 
0.953365293789 
0.953276872467 
0.953188370398 
0.95309978659 
0.953011124496 
0.952922384351 
0.952833566393 
0.952744670859 
0.95265569799 
0.952566648024 
0.952477517485 
0.952388305393 
0.952299015169 
0.952209647041 
0.952120201248 
0.952030678024 
0.951941077602 
0.951851400225 
0.951761642455 
0.951671803319 
0.951581886201 
0.95149189133 
0.951401818938 
0.951311669263 
0.951221442536 
0.951131138991 
0.951040755233 
0.950950290298 
0.950859747531 
0.950769127164 
0.950678429426 
0.950587654548 
0.950496802764 
0.950405874305 
0.95031486581 
0.950223776327 
0.950132609168 
0.950041364557 
0.949950042728 
0.949858643909 
0.949767168326 
0.949675616211 
0.949583984242 
0.949492271472 
0.949400481182 
0.949308613596 
0.949216668938 
0.949124647439 
0.949032549326 
0.948940374824 
0.948848120647 
0.948755785863 
0.94866337371 
0.948570884416 
0.948478318206 
0.948385675301 
0.94829295593 
0.948200160319 
0.948107285212 
0.948014329686 
0.947921296954 
0.947828187233 
0.947735000747 
0.947641737722 
0.947548398375 
0.947454982939 
0.947361488188 
0.947267913209 
0.94717426118 
0.947080532321 
0.946986726851 
0.946892844993 
0.946798886967 
0.946704852995 
0.946610739893 
0.946516546754 
0.946422276724 
0.94632793002 
0.946233506864 
0.94613900747 
0.946044432061 
0.945949780857 
0.945855050703 
0.945760240707 
0.94566535398 
0.945570390737 
0.945475351196 
0.945380235576 
0.94528504409 
0.945189776959 
0.945094431067 
0.94499900552 
0.944903503406 
0.944807924937 
0.944712270327 
0.94461653979 
0.944520733544 
0.944424851806 
0.944328891488 
0.944232851713 
0.94413673553 
0.944040543153 
0.943944274795 
0.943847930666 
0.943751510984 
0.943655015962 
0.943558442546 
0.943461789865 
0.943365060941 
0.943268255985 
0.943171375206 
0.943074418816 
0.942977387029 
0.942880280054 
0.942783094871 
0.94268583062 
0.94258849029 
0.942491074091 
0.942393582228 
0.942296014913 
0.942198372358 
0.942100654771 
0.942002859166 
0.941904984687 
0.941807034295 
0.941709008196 
0.941610906597 
0.941512729705 
0.941414477731 
0.941316150883 
0.9412177462 
0.94111926284 
0.941020703734 
0.940922069084 
0.9408233591 
0.940724573985 
0.940625713945 
0.940526779188 
0.940427766788 
0.940328675906 
0.940229509446 
0.94013026761 
0.940030950601 
0.939931558622 
0.939832091883 
0.939732550584 
0.939632931827 
0.939533234788 
0.939433462339 
0.939333614679 
0.939233692015 
0.939133694544 
0.939033622472 
0.938933476 
0.938833252262 
0.938732950439 
0.938632573376 
0.938532121269 
0.938431594322 
0.938330992736 
0.938230316709 
0.938129566446 
0.938028739107 
0.937927833881 
0.937826853584 
0.937725798416 
0.937624668573 
0.937523464255 
0.937422185662 
0.937320832992 
0.937219403439 
0.937117896199 
0.93701631406 
0.936914657217 
0.936812925869 
0.936711120211 
0.936609240444 
0.936507286765 
0.936405256393 
0.936303148532 
0.936200965948 
0.936098708829 
0.935996377376 
0.935893971784 
0.935791492244 
0.935688938957 
0.935586309172 
0.935483602097 
0.93538082047 
0.935277964485 
0.935175034332 
0.935072030206 
0.934968952304 
0.934865800817 
0.934762573027 
0.934659268152 
0.934555888898 
0.934452435457 
0.934348908021 
0.934245306782 
0.934141631933 
0.934037883668 
0.93393405929 
0.933830158031 
0.933726182569 
0.933622133093 
0.933518009794 
0.933413812864 
0.933309542492 
0.933205198872 
0.933100779336 
0.932996283119 
0.932891712877 
0.932787068797 
0.932682351065 
0.932577559874 
0.932472695414 
0.932367757871 
0.932262744609 
0.932157654872 
0.932052491283 
0.931947254033 
0.931841943308 
0.931736559293 
0.931631102182 
0.93152557216 
0.931419966614 
0.931314284794 
0.931208529306 
0.93110270033 
0.930996798055 
0.930890822667 
0.930784774351 
0.930678653296 
0.930572456913 
0.930466184462 
0.93035983852 
0.930253419271 
0.930146926898 
0.930040361587 
0.929933723521 
0.929827012886 
0.929720227125 
0.9296133655 
0.929506430564 
0.9293994225 
0.92929234149 
0.929185187714 
0.92907796136 
0.92897066261 
0.92886328893 
0.928755839596 
0.928648317133 
0.928540721719 
0.928433053538 
0.928325312771 
0.928217499597 
0.928109614203 
0.928001654081 
0.927893618506 
0.927785509985 
0.927677328695 
0.927569074817 
0.92746074853 
0.927352350017 
0.927243879456 
0.927135334366 
0.927026714033 
0.926918020936 
0.926809255253 
0.926700417162 
0.926591506839 
0.926482524466 
0.926373470223 
0.92626434165 
0.926155138044 
0.926045861859 
0.925936513268 
0.925827092451 
0.925717599584 
0.925608034845 
0.925498398411 
0.925388687852 
0.925278902466 
0.925169044686 
0.925059114686 
0.924949112639 
0.924839038725 
0.924728893117 
0.924618675993 
0.924508384946 
0.924398019284 
0.92428758141 
0.924177071502 
0.924066489733 
0.923955836274 
0.923845111304 
0.923734314998 
0.92362344497 
0.923512500537 
0.923401484083 
0.923290395777 
0.923179235793 
0.923068004307 
0.922956701487 
0.922845327509 
0.922733880016 
0.922622358327 
0.922510764805 
0.92239909962 
0.92228736294 
0.922175554939 
0.922063675789 
0.921951725664 
0.921839702227 
0.921727604806 
0.921615435739 
0.921503195197 
0.921390883348 
0.921278500363 
0.921166046413 
0.921053521668 
0.920940923817 
0.920828252195 
0.920715509117 
0.920602694749 
0.920489809263 
0.920376852825 
0.920263825607 
0.920150727776 
0.920037557047 
0.919924312758 
0.919810997205 
0.919697610553 
0.919584152968 
0.919470624621 
0.919357025677 
0.919243356304 
0.919129614238 
0.919015798829 
0.918901912346 
0.918787954954 
0.918673926821 
0.918559828108 
0.918445658986 
0.918331419623 
0.918217107773 
0.918102722794 
0.917988266934 
0.917873740354 
0.917759143222 
0.917644475702 
0.917529737958 
0.917414930158 
0.917300050081 
0.917185097089 
0.917070073409 
0.916954979204 
0.916839814634 
0.916724579867 
0.916609275065 
0.916493900392 
0.916378453652 
0.916262934214 
0.91614734428 
0.916031684013 
0.915915953577 
0.91580015313 
0.91568428284 
0.915568342866 
0.915452331033 
0.915336246718 
0.915220092104 
0.91510386735 
0.914987572619 
0.914871208072 
0.914754773866 
0.914638270168 
0.914521694824 
0.914405047212 
0.914288329498 
0.914171541839 
0.914054684395 
0.913937757326 
0.913820760793 
0.913703694955 
0.913586557683 
0.913469348362 
0.913352069134 
0.913234720157 
0.91311730159 
0.91299981359 
0.912882256317 
0.91276462993 
0.91264693232 
0.91252916288 
0.912411323731 
0.91229341503 
0.912175436934 
0.912057389599 
0.911939273185 
0.911821087848 
0.911702831501 
0.911584503542 
0.911466106074 
0.911347639251 
0.911229103227 
0.91111049816 
0.910991824207 
0.910873081524 
0.910754268045 
0.910635383176 
0.910516428994 
0.910397405655 
0.910278313313 
0.910159152125 
0.910039922245 
0.909920623829 
0.909801254831 
0.909681814661 
0.909562305381 
0.909442727142 
0.909323080099 
0.909203364406 
0.909083580216 
0.908963727685 
0.908843804787 
0.908723810938 
0.908603748178 
0.908483616661 
0.908363416538 
0.908243147962 
0.908122811085 
0.908002406063 
0.907881930889 
0.907761384987 
0.907640770375 
0.907520087206 
0.907399335633 
0.907278515804 
0.907157627873 
0.907036671992 
0.906915646175 
0.906794549853 
0.906673385025 
0.90655215184 
0.906430850451 
0.906309481006 
0.906188043657 
0.906066538555 
0.905944963737 
0.905823318632 
0.905701605226 
0.905579823668 
0.905457974106 
0.905336056689 
0.905214071568 
0.90509201889 
0.904969896713 
0.904847704475 
0.90472544414 
0.904603115855 
0.904480719769 
0.904358256029 
0.904235724783 
0.904113126182 
0.903990458298 
0.903867720579 
0.903744914968 
0.903622041611 
0.903499100656 
0.90337609225 
0.903253016539 
0.903129873671 
0.903006661742 
0.902883380201 
0.902760030974 
0.902636614207 
0.902513130045 
0.902389578633 
0.902265960121 
0.902142274651 
0.902018520339 
0.901894696642 
0.901770805464 
0.901646846952 
0.901522821252 
0.901398728505 
0.90127456886 
0.90115034246 
0.901026047439 
0.900901683257 
0.900777251803 
0.900652753222 
0.900528187657 
0.900403555252 
0.900278856149 
0.900154090496 
0.900029256441 
0.899904353455 
0.899779383405 
0.899654346435 
0.899529242687 
0.899404072304 
0.89927883543 
0.899153532207 
0.899028160805 
0.898902720697 
0.898777213737 
0.898651640065 
0.898525999822 
0.89840029315 
0.898274520192 
0.898148681088 
0.898022774028 
0.897896798492 
0.897770756314 
0.897644647632 
0.897518472587 
0.89739223132 
0.897265923973 
0.897139550687 
0.897013109669 
0.8968866004 
0.8967600247 
0.896633382708 
0.896506674562 
0.896379900402 
0.896253060369 
0.896126154602 
0.895999181326 
0.895872140031 
0.895745032516 
0.895617858919 
0.895490619378 
0.895363314032 
0.89523594302 
0.895108506481 
0.894981002658 
0.894853431046 
0.894725793427 
0.894598089936 
0.894470320712 
0.894342485894 
0.894214585616 
0.89408662002 
0.893958587367 
0.893830487153 
0.893702321145 
0.893574089481 
0.893445792294 
0.893317429722 
0.893189001902 
0.89306050897 
0.892931949206 
0.892803322115 
0.892674629443 
0.892545871328 
0.892417047903 
0.892288159303 
0.892159205665 
0.892030187126 
0.89190110198 
0.891771949738 
0.891642732133 
0.891513449296 
0.891384101362 
0.891254688468 
0.891125210745 
0.890995668331 
0.89086605954 
0.890736383883 
0.890606643078 
0.890476837258 
0.890346966555 
0.890217031102 
0.890087031034 
0.889956966483 
0.889826835784 
0.889696638455 
0.889566376192 
0.889436049129 
0.889305657398 
0.889175201132 
0.889044680463 
0.888914095524 
0.888783444664 
0.888652727407 
0.888521945435 
0.888391098878 
0.888260187869 
0.888129212539 
0.88799817302 
0.887867069443 
0.887735900174 
0.887604664742 
0.887473364814 
0.887342000519 
0.887210571986 
0.887079079348 
0.886947522735 
0.886815902277 
0.886684216359 
0.886552464512 
0.886420648388 
0.886288768114 
0.886156823821 
0.886024815636 
0.885892743692 
0.885760608118 
0.885628407313 
0.885496140815 
0.88536381026 
0.885231415773 
0.885098957483 
0.884966435522 
0.884833850014 
0.884701201092 
0.884568487171 
0.884435707793 
0.884302864577 
0.88416995765 
0.88403698714 
0.883903953173 
0.883770855879 
0.883637695385 
0.883504470123 
0.883371179643 
0.883237825544 
0.883104407955 
0.882970927 
0.882837382808 
0.882703775505 
0.882570105221 
0.882436370401 
0.882302570599 
0.882168707401 
0.882034780932 
0.88190079132 
0.881766738688 
0.881632623164 
0.881498444874 
0.881364202284 
0.881229894948 
0.881095524439 
0.880961090882 
0.880826594399 
0.880692035119 
0.880557413165 
0.880422728663 
0.880287980094 
0.880153167018 
0.880018290993 
0.87988335214 
0.879748350586 
0.879613286454 
0.879478159867 
0.879342970951 
0.879207718201 
0.879072401186 
0.878937021444 
0.878801579099 
0.878666074273 
0.878530507091 
0.878394877675 
0.878259186149 
0.878123431026 
0.877987611875 
0.877851730222 
0.877715786191 
0.877579779902 
0.877443711477 
0.877307581041 
0.877171388715 
0.877035133026 
0.876898813553 
0.876762431802 
0.876625987895 
0.876489481956 
0.876352914103 
0.87621628446 
0.876079593149 
0.875942838712 
0.87580602073 
0.875669140696 
0.875532198734 
0.875395194962 
0.875258129501 
0.875121002472 
0.874983813997 
0.874846562631 
0.874709247963 
0.874571871471 
0.874434433275 
0.874296933493 
0.874159372247 
0.874021749658 
0.873884065845 
0.873746319379 
0.873608509852 
0.873470638728 
0.873332706127 
0.873194712167 
0.873056656967 
0.872918540648 
0.872780363327 
0.872642123594 
0.87250382104 
0.872365457119 
0.872227031947 
0.872088545643 
0.871949998326 
0.871811390113 
0.871672721123 
0.871533989959 
0.871395196218 
0.871256341338 
0.871117425436 
0.870978448629 
0.870839411034 
0.87070031277 
0.870561153952 
0.8704219332 
0.870282650115 
0.870143306121 
0.870003901334 
0.86986443587 
0.869724909844 
0.869585323375 
0.869445676579 
0.869305968087 
0.869166197508 
0.869026366248 
0.868886474426 
0.868746522155 
0.868606509551 
0.86846643673 
0.868326303808 
0.868186109432 
0.868045853212 
0.867905536543 
0.867765159541 
0.867624722319 
0.867484224993 
0.867343667678 
0.867203050489 
0.867062372087 
0.866921632087 
0.866780831871 
0.86663997155 
0.86649905124 
0.866358071055 
0.866217031109 
0.866075931517 
0.865934770952 
0.865793549036 
0.865652267136 
0.865510925363 
0.865369523832 
0.865228062655 
0.865086541946 
0.864944961819 
0.864803320964 
0.864661619002 
0.864519857288 
0.864378035936 
0.864236155055 
0.864094214759 
0.863952215162 
0.863810156374 
0.863668037101 
0.86352585697 
0.86338361732 
0.863241318262 
0.86309895991 
0.862956542373 
0.862814065765 
0.862671530197 
0.862528934387 
0.862386277965 
0.86224356226 
0.86210078738 
0.861957953438 
0.861815060544 
0.861672108809 
0.861529098346 
0.861386027883 
0.861242897058 
0.861099707182 
0.860956458368 
0.860813150724 
0.860669784361 
0.860526359388 
0.860382875918 
0.860239332693 
0.860095729353 
0.8599520672 
0.859808346342 
0.85966456689 
0.85952072895 
0.859376832634 
0.859232878053 
0.85908886396 
0.858944790004 
0.858800657469 
0.858656466464 
0.858512217099 
0.858367909482 
0.85822354372 
0.858079119925 
0.857934636866 
0.857790094192 
0.857645493177 
0.857500833929 
0.857356116555 
0.857211341163 
0.857066507862 
0.856921616759 
0.856776666639 
0.856631657153 
0.856486589564 
0.856341463977 
0.856196280502 
0.856051039244 
0.855905740309 
0.855760383808 
0.855614968537 
0.85546949415 
0.855323961899 
0.855178371887 
0.855032724222 
0.85488701901 
0.854741256358 
0.854595436373 
0.854449557865 
0.854303620493 
0.854157625494 
0.854011572974 
0.853865463036 
0.853719295789 
0.853573071337 
0.853426789787 
0.853280449962 
0.853134051525 
0.8529875957 
0.852841082592 
0.852694512306 
0.852547884947 
0.852401200618 
0.852254459428 
0.85210766021 
0.851960802633 
0.851813887908 
0.851666916139 
0.85151988743 
0.851372801885 
0.851225659609 
0.851078460705 
0.850931204024 
0.850783889237 
0.850636517541 
0.850489089042 
0.850341603841 
0.850194062044 
0.850046463753 
0.849898809071 
0.849751096861 
0.849603326798 
0.849455500069 
0.849307616775 
0.84915967702 
0.849011680906 
0.848863628537 
0.848715520016 
0.848567354216 
0.848419130817 
0.848270850992 
0.848122514844 
0.847974122475 
0.847825673987 
0.847677169482 
0.847528609064 
0.847379991618 
0.847231316826 
0.847082585851 
0.846933798795 
0.846784955758 
0.846636056843 
0.84648710215 
0.846338091781 
0.846189024635 
0.846039900399 
0.845890720223 
0.845741484208 
0.845592192454 
0.84544284506 
0.845293442131 
0.845143983765 
0.844994468873 
0.844844897146 
0.844695269723 
0.844545586702 
0.844395848185 
0.84424605427 
0.844096205059 
0.843946300652 
0.843796339972 
0.843646322712 
0.843496249999 
0.843346121932 
0.843195938611 
0.843045700135 
0.842895406603 
0.842745058116 
0.842594653609 
0.842444192777 
0.842293676737 
0.842143105587 
0.841992479426 
0.841841798353 
0.841691062466 
0.841540271864 
0.841389425496 
0.841238523059 
0.84108756566 
0.840936553395 
0.840785486363 
0.840634364661 
0.840483188388 
0.840331957642 
0.840180671383 
0.840029329313 
0.839877932526 
0.839726481118 
0.839574975186 
0.83942341483 
0.839271800144 
0.839120131228 
0.838968407053 
0.838816627325 
0.838664793125 
0.83851290455 
0.838360961698 
0.838208964664 
0.838056913545 
0.837904808438 
0.837752648327 
0.83760043292 
0.837448163289 
0.837295839529 
0.837143461736 
0.836991030006 
0.836838544435 
0.83668600512 
0.836533411055 
0.836380761954 
0.836228058875 
0.836075301914 
0.835922491166 
0.835769626727 
0.835616708692 
0.835463737157 
0.835310711127 
0.835157630321 
0.835004495784 
0.834851307612 
0.834698065899 
0.834544770741 
0.834391422233 
0.834238020468 
0.834084564464 
0.833931053943 
0.833777489941 
0.833623872551 
0.833470201869 
0.833316477987 
0.833162700999 
0.833008871001 
0.832854987021 
0.832701048783 
0.832547057312 
0.832393012703 
0.832238915047 
0.832084764439 
0.831930560973 
0.831776304743 
0.831621994786 
0.831467630832 
0.831313213895 
0.831158744067 
0.831004221441 
0.830849646112 
0.83069501817 
0.83054033771 
0.830385603781 
0.830230816116 
0.830075975718 
0.829921082677 
0.829766137089 
0.829611139044 
0.829456088634 
0.829300985953 
0.829145830063 
0.828990620695 
0.828835358845 
0.828680044603 
0.828524678061 
0.828369259312 
0.828213788447 
0.828058265557 
0.827902689714 
0.827747060658 
0.82759137937 
0.82743564594 
