0.0 
0.0 
0.999999644416 
0.999998713514 
0.999997235673 
0.999995132145 
0.999992437135 
0.999989353993 
0.999986287367 
0.999983836214 
0.999980611339 
0.99997641508 
0.999972048517 
0.999967746188 
0.999962911679 
0.999957389935 
0.999951637791 
0.999945792866 
0.999939482528 
0.999932586231 
0.999925429286 
0.999918106936 
0.999910349939 
0.999902060041 
0.999893491088 
0.999884715273 
0.999875522353 
0.999865829419 
0.999855845131 
0.999845627257 
0.999835003551 
0.999823902366 
0.999812500959 
0.99980084732 
0.999788795719 
0.999776283071 
0.999763463507 
0.999750378011 
0.999736900384 
0.999722974205 
0.999708735884 
0.99969422117 
0.999679318761 
0.999663977694 
0.999648320326 
0.999632378274 
0.999616052047 
0.999599295171 
0.999582218559 
0.99956485058 
0.999547101313 
0.999528928005 
0.999510432109 
0.999491639341 
0.999472467657 
0.999452877516 
0.999432962396 
0.999412745781 
0.999392152266 
0.999371145054 
0.99934981082 
0.999328171169 
0.99930615635 
0.999283731954 
0.999260978773 
0.999237916822 
0.999214481181 
0.99919063959 
0.999166467681 
0.999141984062 
0.999117128106 
0.99909186938 
0.999066278972 
0.999040374331 
0.999014098522 
0.998987422782 
0.998960414192 
0.998933089127 
0.998905393947 
0.99887730138 
0.998848874924 
0.998820129998 
0.998791015917 
0.998761506755 
0.998731662775 
0.998701498564 
0.998670966077 
0.998640040602 
0.998608779487 
0.998577196558 
0.998545246157 
0.998512904686 
0.998480226835 
0.998447225751 
0.998413857938 
0.998380100818 
0.998346006659 
0.998311587993 
0.998276803294 
0.998241630905 
0.998206120897 
0.998170285232 
0.998134084174 
0.998097496943 
0.998060571561 
0.998023319476 
0.997985702611 
0.997947700981 
0.997909360726 
0.997870692821 
0.997831660716 
0.997792245164 
0.997752490558 
0.997712407446 
0.997671960676 
0.997631131701 
0.997589963298 
0.997548465599 
0.997506604769 
0.997464362898 
0.997421781259 
0.997378869607 
0.997335595331 
0.997291941117 
0.997247946827 
0.997203621879 
0.997158934785 
0.997113868803 
0.997068462479 
0.997022724901 
0.996976625645 
0.996930148496 
0.99688333077 
0.996836181246 
0.9967886705 
0.996740782808 
0.996692554323 
0.996643993557 
0.996595072005 
0.996545774414 
0.996496135862 
0.996446164565 
0.996395832916 
0.996345126104 
0.996294078164 
0.996242697076 
0.99619095606 
0.996138840713 
0.996086384104 
0.996033593981 
0.995980444333 
0.995926921164 
0.995873056623 
0.995818858232 
0.995764300718 
0.995709370469 
0.995654098753 
0.995598492881 
0.995542528287 
0.995486191706 
0.99542951359 
0.995372501051 
0.995315130177 
0.995257388049 
0.995199304332 
0.995140885944 
0.995082109607 
0.995022962733 
0.994963474228 
0.994903650834 
0.99484346988 
0.994782919076 
0.99472202662 
0.994660799088 
0.994599214374 
0.994537260485 
0.994474964943 
0.99441233415 
0.99434934655 
0.994285990438 
0.994222292678 
0.994158259527 
0.994093869947 
0.994029112494 
0.993964013419 
0.99389857883 
0.99383278818 
0.993766630292 
0.993700130818 
0.993633295724 
0.993566104942 
0.993498547543 
0.993430648609 
0.993362413966 
0.993293824011 
0.993224868047 
0.993155570607 
0.993085937398 
0.993015949241 
0.992945595672 
0.992874900708 
0.992803869922 
0.992732484559 
0.992660734379 
0.992588642884 
0.992516215536 
0.99244343398 
0.992370288188 
0.992296801179 
0.992222978302 
0.992148801587 
0.992074261209 
0.991999379727 
0.991924162371 
0.991848591549 
0.991772657632 
0.991696382728 
0.991619771966 
0.991542808112 
0.991465481725 
0.991387814476 
0.991309811397 
0.9912314556 
0.991152737821 
0.991073679326 
0.990994285039 
0.990914538407 
0.990834430349 
0.990753981721 
0.990673197355 
0.990592061021 
0.990510563806 
0.990428726179 
0.990346552885 
0.990264027997 
0.990181142772 
0.990097917301 
0.990014356241 
0.989930443967 
0.989846171897 
0.989761559757 
0.989676612118 
0.989591313647 
0.989505655913 
0.989419658294 
0.989333325282 
0.98924664182 
0.989159599631 
0.989072217749 
0.988984500587 
0.988896433361 
0.988808007939 
0.988719243026 
0.988630142956 
0.988540693212 
0.988450885801 
0.988360739107 
0.988270257395 
0.988179426394 
0.988088238255 
0.987996711054 
0.987904848973 
0.987812638005 
0.987720070423 
0.987627163999 
0.987533922861 
0.987440333228 
0.987346387502 
0.98725210317 
0.987157484286 
0.987062517303 
0.986967194758 
0.986871533847 
0.986775538556 
0.986679195571 
0.986582497545 
0.986485461402 
0.986388091065 
0.986290373439 
0.986192301292 
0.986093891282 
0.985995147274 
0.985896056382 
0.985796611494 
0.985696829007 
0.985596712724 
0.985496249966 
0.985395433736 
0.985294280176 
0.98519279303 
0.985090959825 
0.984988773669 
0.98488625046 
0.984783393887 
0.98468019167 
0.984576637025 
0.984472745612 
0.984368521062 
0.98426395129 
0.984159029614 
0.984053771456 
0.983948180401 
0.983842244548 
0.983735957313 
0.983629333896 
0.983522377827 
0.983415077383 
0.983307426087 
0.983199438912 
0.983091119333 
0.982982455812 
0.982873441965 
0.982764092549 
0.982654410991 
0.982544385925 
0.982434011059 
0.982323300942 
0.982212258952 
0.982100873889 
0.981989139556 
0.981877070293 
0.981764669433 
0.981651925942 
0.981538833711 
0.981425406881 
0.981311648736 
0.981197548404 
0.981083099863 
0.980968317059 
0.980853203232 
0.980737747665 
0.980621944424 
0.980505807261 
0.98038933937 
0.980272530193 
0.980155373878 
0.980037883986 
0.979920063674 
0.979801902529 
0.979683394783 
0.979564553814 
0.97944538274 
0.979325871289 
0.979206013774 
0.979085823397 
0.978965303233 
0.978844443157 
0.978723237558 
0.978601699462 
0.978479831905 
0.978357624902 
0.978235072919 
0.978112188812 
0.977988975576 
0.977865423363 
0.977741526715 
0.977617298322 
0.977492741138 
0.977367845451 
0.977242605878 
0.977117034941 
0.97699113556 
0.976864898155 
0.976738317411 
0.976611405693 
0.976484165884 
0.976356588532 
0.976228668395 
0.976100417676 
0.975971839225 
0.975842923715 
0.975713665975 
0.975584078054 
0.975454162768 
0.975323910912 
0.975193317382 
0.975062394076 
0.974931143778 
0.974799557401 
0.974667629911 
0.974535373058 
0.974402789588 
0.974269870538 
0.974136610935 
0.974003022386 
0.973869107607 
0.973734857747 
0.973600267897 
0.973465349525 
0.973330105312 
0.973194526524 
0.973058608315 
0.972922362008 
0.972785790259 
0.972648884441 
0.972511639773 
0.972374067442 
0.972236170069 
0.972097939143 
0.971959369937 
0.971820473507 
0.971681252445 
0.971541698343 
0.97140180654 
0.971261587956 
0.971121045154 
0.970980169832 
0.970838957387 
0.97069741861 
0.970555556035 
0.970413361466 
0.970270830353 
0.970127973365 
0.969984793004 
0.969841281175 
0.96969743339 
0.969553260187 
0.969408764043 
0.969263936965 
0.969118774516 
0.968973287114 
0.968827477212 
0.968681336909 
0.968534861826 
0.96838806226 
0.968240940636 
0.968093489151 
0.96794570348 
0.967797593802 
0.967649162513 
0.967500401909 
0.967351307713 
0.96720188999 
0.967052151112 
0.966902083466 
0.966751682828 
0.966600959148 
0.966449914773 
0.966298542181 
0.966146837201 
0.96599480967 
0.965842461907 
0.965689786484 
0.965536779277 
0.965383450014 
0.965229800993 
0.965075824869 
0.964921517571 
0.964766888717 
0.964611940581 
0.964456665906 
0.964301060669 
0.964145134381 
0.963988889292 
0.963832318232 
0.963675417226 
0.963518195679 
0.963360655818 
0.963202790558 
0.963044595968 
0.962886081354 
0.962727248919 
0.962568091658 
0.962408605691 
0.962248800218 
0.962088677421 
0.96192823038 
0.961767455255 
0.961606361151 
0.961444950225 
0.961283215638 
0.961121153595 
0.960958773103 
0.960796076297 
0.960633056417 
0.960469709713 
0.960306045094 
0.960142064673 
0.95997776177 
0.959813132677 
0.959648186208 
0.959482924458 
0.959317340819 
0.959151431629 
0.958985205607 
0.958818664826 
0.958651802754 
0.958484615774 
0.95831711251 
0.958149295016 
0.957981156834 
0.957812694389 
0.957643916212 
0.957474824338 
0.957305412385 
0.957135676815 
0.956965626072 
0.95679526217 
0.9566245788 
0.956453572463 
0.956282251518 
0.956110617957 
0.95593866554 
0.955766390814 
0.955593802044 
0.955420901208 
0.955247682135 
0.95507414141 
0.954900287214 
0.954726121504 
0.95455163818 
0.954376833864 
0.954201716655 
0.95402628849 
0.953850543337 
0.953674477858 
0.953498100066 
0.953321411879 
0.953144407337 
0.952967083135 
0.952789447206 
0.952611501452 
0.952433239974 
0.952254659509 
0.952075767907 
0.951896567052 
0.951717051111 
0.951537216858 
0.951357072062 
0.951176618591 
0.950995850676 
0.950814765127 
0.950633369633 
0.950451666048 
0.950269648663 
0.950087314326 
0.949904670649 
0.949721719465 
0.949538455132 
0.949354874531 
0.949170985199 
0.948986788951 
0.948802280209 
0.948617455886 
0.948432323443 
0.948246884681 
0.948061134081 
0.947875068592 
0.947688695602 
0.947502016892 
0.947315027005 
0.947127722925 
0.946940111964 
0.946752195888 
0.946563969301 
0.946375429219 
0.94618658288 
0.945997432039 
0.945807971353 
0.945618197875 
0.94542811877 
0.945237735776 
0.945047043611 
0.944856039358 
0.944664730114 
0.944473117598 
0.944281196588 
0.944088964198 
0.943896427454 
0.943703588065 
0.943510440859 
0.943316982985 
0.943123221403 
0.9429291578 
0.942734787065 
0.942540106379 
0.942345122628 
0.942149837491 
0.94195424591 
0.941758345095 
0.941562141868 
0.94136563789 
0.94116882816 
0.940971709917 
0.940774289918 
0.94057656981 
0.940378544643 
0.940180211691 
0.939981577641 
0.939782644127 
0.939583406255 
0.939383861326 
0.939184015962 
0.938983871785 
0.93878342395 
0.938582669791 
0.938381615866 
0.93818026378 
0.937978608744 
0.937776648119 
0.937574388401 
0.93737183118 
0.937168971719 
0.936965807407 
0.936762344676 
0.936558585108 
0.936354524011 
0.936150158805 
0.935945495864 
0.93574053675 
0.935535276825 
0.935329713538 
0.935123853198 
0.934917697357 
0.934711241426 
0.934504482881 
0.934297427972 
0.934090078237 
0.933882429137 
0.933674478175 
0.933466231541 
0.93325769076 
0.933048851342 
0.932839710819 
0.93263027532 
0.932420546359 
0.932210519492 
0.932000192278 
0.931789570788 
0.931578656525 
0.931367445091 
0.931155934071 
0.93094412948 
0.930732032807 
0.930519639702 
0.930306947779 
0.930093962992 
0.929880686819 
0.929667114957 
0.929453245045 
0.929239082981 
0.929024630232 
0.92880988254 
0.928594837568 
0.928379501163 
0.928163874775 
0.927947954194 
0.927731737109 
0.927515229311 
0.927298432238 
0.927081341726 
0.926863955488 
0.926646279259 
0.92642831447 
0.926210056996 
0.92599150458 
0.925772662901 
0.925553533377 
0.925334111928 
0.925114396323 
0.924894392186 
0.924674100924 
0.924453518502 
0.924232642711 
0.924011479123 
0.923790029137 
0.923568288756 
0.923346255797 
0.923123935783 
0.922901330096 
0.922678434786 
0.922455247693 
0.922231774286 
0.922008015939 
0.921783968745 
0.921559630564 
0.921335006818 
0.921110098867 
0.920884902845 
0.920659416638 
0.920433645615 
0.920207591128 
0.919981249351 
0.919754618194 
0.919527702975 
0.919300505036 
0.91907302059 
0.918845247572 
0.918617191251 
0.918388852957 
0.918160228943 
0.917931317168 
0.917702122852 
0.917472647312 
0.917242886846 
0.917012839433 
0.916782510242 
0.916551900585 
0.916321006795 
0.916089826873 
0.915858365944 
0.915626625307 
0.915394601334 
0.915162292052 
0.914929702534 
0.914696834071 
0.914463683073 
0.914230247589 
0.913996532646 
0.913762539522 
0.91352826467 
0.913293706157 
0.913058868965 
0.912823754363 
0.91258835884 
0.912352680485 
0.912116724235 
0.911880491349 
0.911643978352 
0.911407183357 
0.911170111253 
0.91093276329 
0.91069513603 
0.910457227608 
0.910219042867 
0.909980583049 
0.909741844752 
0.909502826131 
0.909263531986 
0.909023963547 
0.90878411745 
0.908543991872 
0.908303591566 
0.908062917754 
0.907821967109 
0.907580737827 
0.907339234618 
0.907097458697 
0.906855406769 
0.906613077051 
0.906370474212 
0.906127599454 
0.90588444952 
0.905641022649 
0.905397323462 
0.905153353156 
0.904909108509 
0.904664587776 
0.904419795541 
0.904174732988 
0.903929396931 
0.903683785646 
0.903437903673 
0.903191752187 
0.902945328037 
0.902698629519 
0.902451661131 
0.90220442404 
0.901956915129 
0.901709132711 
0.901461081245 
0.901212761888 
0.900964171557 
0.900715308587 
0.900466177392 
0.900216779123 
0.899967110729 
0.899717170564 
0.899466963003 
0.899216489187 
0.8989657461 
0.898714732112 
0.898463451559 
0.898211905576 
0.897960091175 
0.897708006748 
0.897455656592 
0.897203041831 
0.896950159512 
0.896697008045 
0.896443591685 
0.89618991155 
0.895935964718 
0.895681749619 
0.895427270469 
0.895172528376 
0.894917520452 
0.894662245143 
0.894406706627 
0.894150906005 
0.893894840419 
0.893638508335 
0.893381913891 
0.893125058181 
0.892867938377 
0.892610552964 
0.892352906042 
0.892094998697 
0.891836828132 
0.891578392848 
0.891319696911 
0.891060741395 
0.890801523537 
0.890542041856 
0.890282300377 
0.890022300168 
0.889762038497 
0.8895015139 
0.889240730365 
0.888979688954 
0.888718386963 
0.888456822945 
0.888195000854 
0.887932921741 
0.887670582934 
0.887407983004 
0.887145125866 
0.886882012565 
0.886618640459 
0.886355008135 
0.886091119473 
0.885826975509 
0.885562573632 
0.885297912445 
0.885032995792 
0.884767824704 
0.884502396595 
0.884236710088 
0.88397076899 
0.883704574325 
0.883438123536 
0.883171415263 
0.882904453278 
0.882637238597 
0.882369768692 
0.882102042219 
0.881834062916 
0.881565831791 
0.881297346345 
0.881028605249 
0.880759612208 
0.880490368222 
0.880220870821 
0.879951118692 
0.879681115505 
0.879410862254 
0.879140356495 
0.878869596933 
0.878598587203 
0.878327328292 
0.878055817785 
0.877784054402 
0.877512041745 
0.877239780792 
0.876967269157 
0.876694505575 
0.876421493615 
0.87614823425 
0.875874725118 
0.875600964972 
0.875326957346 
0.875052703208 
0.874778200222 
0.874503447157 
0.874228447514 
0.873953202252 
0.873677709067 
0.873401966738 
0.873125978736 
0.872849746015 
0.872573266294 
0.872296538368 
0.872019565679 
0.87174234917 
0.871464886588 
0.871187176746 
0.870909223049 
0.870631026436 
0.87035258468 
0.870073896608 
0.869794965595 
0.869515792573 
0.86923637534 
0.868956712738 
0.868676808111 
0.868396662385 
0.868116273383 
0.867835639961 
0.867554765434 
0.867273650718 
0.866992293665 
0.866710693145 
0.866428852439 
0.866146772462 
0.865864451087 
0.865581887199 
0.865299084051 
0.865016042548 
0.864732760589 
0.864449237075 
0.864165475227 
0.863881475945 
0.863597237154 
0.863312757766 
0.863028040974 
0.862743087671 
0.862457895806 
0.862172464307 
0.861886796335 
0.861600892779 
0.86131475161 
0.861028371772 
0.860741756395 
0.860454906363 
0.860167819671 
0.859880495276 
0.859592936281 
0.85930514356 
0.859017115136 
0.858728849977 
0.858440351158 
0.858151619548 
0.85786265319 
0.857573451071 
0.857284016233 
0.85699434954 
0.856704449061 
0.856414313793 
0.856123946751 
0.855833348794 
0.855542518012 
0.855251453418 
0.854960157997 
0.854668632603 
0.854376875349 
0.85408488526 
0.853792665295 
0.853500216301 
0.853207536414 
0.852914624673 
0.852621484008 
0.85232811526 
0.85203451659 
0.851740687047 
0.851446629536 
0.851152344891 
0.850857831295 
0.850563087813 
0.850268117319 
0.849972920643 
0.84967749599 
0.849381842438 
0.849085962834 
0.848789858003 
0.84849352617 
0.848196966428 
0.847900181596 
0.847603172493 
0.847305937368 
0.847008475325 
0.846710789156 
0.846412879676 
0.846114745155 
0.845816384707 
0.845517801103 
0.845218995148 
0.844919965135 
0.844620710192 
0.844321233062 
0.844021534544 
0.843721612954 
0.843421467432 
0.843121100694 
0.842820513535 
0.842519704291 
0.842218672116 
0.841917419697 
0.841615947827 
0.841314254862 
0.841012339966 
0.840710205804 
0.840407853161 
0.840105280415 
0.839802486744 
0.839499474784 
0.839196245316 
0.83889279674 
0.838589128243 
0.838285242439 
0.837981140103 
0.837676819654 
0.837372280293 
0.837067524608 
0.836762553369 
0.836457365015 
0.836151958759 
0.835846337164 
0.835540500995 
0.835234448712 
0.834928179538 
0.834621696014 
0.834314998897 
0.834008086668 
0.833700958564 
0.833393617098 
0.833086063024 
0.832778294842 
0.832470311801 
0.83216211639 
0.831853709357 
0.831545089224 
0.831236255249 
0.830927209897 
0.830617953913 
0.830308485837 
0.829998804939 
0.82968891366 
0.829378812741 
0.829068500738 
0.828757976936 
0.828447243752 
0.828136301919 
0.827825150017 
0.827513787338 
