-2.767293120721412425e+00
-2.676273793976821747e+00
-2.585254467232231068e+00
-2.494235140487640390e+00
-2.403215813743049711e+00
-2.312196486998459033e+00
-2.221177160253868355e+00
-2.130157833509277676e+00
-2.039138506764686998e+00
-1.948119180020096097e+00
-1.857099853275505419e+00
-1.766080526530914963e+00
-1.675061199786324062e+00
-1.584041873041733606e+00
-1.493022546297142927e+00
-1.402003219552552249e+00
-1.310983892807961571e+00
-1.219964566063370670e+00
-1.128945239318779992e+00
-1.037925912574189535e+00
-9.469065858295986349e-01
-8.558872590850079565e-01
-7.648679323404173891e-01
-6.738486055958265997e-01
-5.828292788512359213e-01
-4.918099521066451874e-01
-4.007906253620543979e-01
-3.097712986174636085e-01
-2.187519718728733742e-01
-1.277326451282826125e-01
-3.671331838369187861e-02
5.430600836089877204e-02
1.453253351054896447e-01
2.363446618500804064e-01
3.273639885946710848e-01
4.183833153392618187e-01
5.094026420838525526e-01
6.004219688284428980e-01
6.914412955730336874e-01
7.824606223176243658e-01
8.734799490622152662e-01
9.644992758068059446e-01
1.055518602551396734e+00
1.146537929295987412e+00
1.237557256040577647e+00
1.328576582785168325e+00
1.419595909529759226e+00
1.510615236274349904e+00
1.601634563018940582e+00
1.692653889763531483e+00
1.783673216508122161e+00
1.874692543252712396e+00
1.965711869997303740e+00
2.056731196741893974e+00
2.147750523486485097e+00
2.238769850231075331e+00
2.329789176975665566e+00
2.420808503720257132e+00
2.511827830464847366e+00
2.602847157209438489e+00
2.693866483954028723e+00
2.784885810698619846e+00
2.875905137443210080e+00
2.966924464187801647e+00
3.057943790932391881e+00
3.148963117676982115e+00
3.239982444421573238e+00
3.331001771166163472e+00
3.422021097910755039e+00
3.513040424655344829e+00
3.604059751399936395e+00
3.695079078144526630e+00
3.786098404889117752e+00
3.877117731633707987e+00
3.968137058378298221e+00
4.059156385122889787e+00
4.150175711867479578e+00
4.241195038612071144e+00
4.332214365356660934e+00
4.423233692101252501e+00
4.514253018845843179e+00
4.605272345590432970e+00
4.696291672335024536e+00
4.787310999079614326e+00
4.878330325824205893e+00
4.969349652568795683e+00
5.060368979313387250e+00
5.151388306057977928e+00
5.242407632802567718e+00
5.333426959547159285e+00
5.424446286291749075e+00
5.515465613036340642e+00
5.606484939780931320e+00
5.697504266525521999e+00
5.788523593270112677e+00
5.879542920014703355e+00
5.970562246759294034e+00
6.061581573503883824e+00
6.152600900248475391e+00
6.243620226993066069e+00
