-1.201820132138138764e+00
-1.162290940786413929e+00
-1.122761749434689094e+00
-1.083232558082964259e+00
-1.043703366731239424e+00
-1.004174175379514811e+00
-9.646449840277899757e-01
-9.251157926760651407e-01
-8.855866013243403057e-01
-8.460574099726154707e-01
-8.065282186208906356e-01
-7.669990272691659117e-01
-7.274698359174410767e-01
-6.879406445657162417e-01
-6.484114532139915177e-01
-6.088822618622666827e-01
-5.693530705105418477e-01
-5.298238791588170127e-01
-4.902946878070921777e-01
-4.507654964553674537e-01
-4.112363051036426187e-01
-3.717071137519177837e-01
-3.321779224001930597e-01
-2.926487310484682247e-01
-2.531195396967433897e-01
-2.135903483450185547e-01
-1.740611569932937197e-01
-1.345319656415688847e-01
-9.500277428984427175e-02
-5.547358293811943675e-02
-1.594439158639460175e-02
2.358479976533023326e-02
6.311399111705506826e-02
1.026431824687799033e-01
1.421723738205047383e-01
1.817015651722295733e-01
2.212307565239544083e-01
2.607599478756790212e-01
3.002891392274038562e-01
3.398183305791286912e-01
3.793475219308535262e-01
4.188767132825783612e-01
4.584059046343031962e-01
4.979350959860280312e-01
5.374642873377526442e-01
5.769934786894774792e-01
6.165226700412023142e-01
6.560518613929271492e-01
6.955810527446519842e-01
7.351102440963768192e-01
7.746394354481016542e-01
8.141686267998262672e-01
8.536978181515513242e-01
8.932270095032759372e-01
9.327562008550009942e-01
9.722853922067256072e-01
1.011814583558450220e+00
1.051343774910175277e+00
1.090872966261899890e+00
1.130402157613624947e+00
1.169931348965349560e+00
1.209460540317074617e+00
1.248989731668799230e+00
1.288518923020524287e+00
1.328048114372248900e+00
1.367577305723973513e+00
1.407106497075698570e+00
1.446635688427423183e+00
1.486164879779148240e+00
1.525694071130872853e+00
1.565223262482597910e+00
1.604752453834322523e+00
1.644281645186047580e+00
1.683810836537772193e+00
1.723340027889496806e+00
1.762869219241221863e+00
1.802398410592946476e+00
1.841927601944671533e+00
1.881456793296396146e+00
1.920985984648121203e+00
1.960515175999845816e+00
2.000044367351570429e+00
2.039573558703295486e+00
2.079102750055020099e+00
2.118631941406745156e+00
2.158161132758469769e+00
2.197690324110194826e+00
2.237219515461919439e+00
2.276748706813644052e+00
2.316277898165369109e+00
2.355807089517093722e+00
2.395336280868818779e+00
2.434865472220543392e+00
2.474394663572268449e+00
2.513923854923993062e+00
2.553453046275718119e+00
2.592982237627442732e+00
2.632511428979167345e+00
2.672040620330892402e+00
2.711569811682617015e+00
