0.0124028 0.397699  0.0186203  0.0186916
0.0123363 0.382687  0.0309898  0.0311915
0.0122692 0.367331  0.0432926  0.0436914
0.0122016 0.351632  0.055528  0.0561913
0.0121335 0.337854  0.0676955  0.0686912
0.012065 0.321587  0.0797948  0.0811911
0.0119961 0.30507  0.0918253  0.093691
0.0119268 0.29057  0.103787  0.106191
0.0118571 0.273673  0.115679  0.118691
0.0117871 0.256681  0.127501  0.131191
0.0117168 0.241847  0.139253  0.143691
0.0116462 0.224854  0.150934  0.156191
0.0115754 0.210094  0.162545  0.16869
0.0115044 0.195462  0.174085  0.18119
0.0114331 0.179038  0.185554  0.19369
0.0113618 0.164984  0.196951  0.20619
0.0112903 0.151354  0.208277  0.21869
0.0112186 0.138227  0.219532  0.23119
0.0111469 0.125633  0.230714  0.24369
0.0110752 0.113622  0.241825  0.25619
0.0110034 0.102214  0.252865  0.26869
0.0109316 0.0914151  0.263832  0.28119
0.0108598 0.0812445  0.274728  0.29369
0.0107881 0.0717206  0.285552  0.30619
0.0107164 0.0640283  0.296304  0.31869
0.0106447 0.0558086  0.306985  0.331189
0.0105732 0.0482971  0.317594  0.343689
0.0105018 0.0423471  0.328131  0.356189
0.0104306 0.0361085  0.338597  0.368689
0.0103595 0.0305079  0.348992  0.381189
0.0102885 0.026141  0.359316  0.393689
0.0102178 0.022217  0.369569  0.406189
0.0101473 0.0182311  0.379752  0.418689
0.010077 0.0151933  0.389864  0.431189
0.0100069 0.0125141  0.399906  0.443689
0.00993709 0.00985049  0.409878  0.456189
0.00986755 0.00786939  0.41978  0.468689
0.00979829 0.00618072  0.429613  0.481189
0.00972932 0.00476097  0.439377  0.493689
0.00966067 0.00359022  0.449072  0.506189
0.00959233 0.00264698  0.458699  0.518689
0.00952432 0.00190624  0.468257  0.531189
0.00945666 0.00134277  0.477747  0.543689
0.00938935 0.000979652  0.48717  0.556189
0.00932239 0.000666835  0.496526  0.568689
0.00925581 0.000449798  0.505815  0.581189
0.00918961 0.000320968  0.515038  0.593689
0.00912379 0.000216579  0.524195  0.606189
0.00905837 0.000147224  0.533286  0.618689
0.00899335 0.000106982  0.542312  0.631189
0.00892873 7.51992e-05  0.551273  0.643689
0.00886453 5.71229e-05  0.560169  0.656189
0.00880075 4.44437e-05  0.569002  0.668689
0.00873739 3.42367e-05  0.577771  0.681189
0.00867446 2.81594e-05  0.586477  0.693689
0.00861197 2.36529e-05  0.59512  0.706189
0.00854992 2.02268e-05  0.603701  0.718689
0.0084883 1.72002e-05  0.61222  0.731189
0.00842713 1.5262e-05  0.620678  0.743689
0.00836641 1.37503e-05  0.629075  0.756189
0.00830614 1.25597e-05  0.637411  0.768689
0.00824632 1.16068e-05  0.645687  0.781189
0.00818696 1.08181e-05  0.653904  0.793689
0.00812806 1.01457e-05  0.662061  0.806189
0.00806961 9.67435e-06  0.67016  0.818689
0.00801162 9.16505e-06  0.678201  0.831189
0.00795409 8.71759e-06  0.686184  0.843689
0.00789703 8.30857e-06  0.694109  0.856189
0.00784042 8.00118e-06  0.701978  0.868689
0.00778428 7.64711e-06  0.70979  0.881189
0.0077286 7.31617e-06  0.717547  0.893689
0.00767337 7.06156e-06  0.725248  0.906189
0.00761861 6.76163e-06  0.732894  0.918689
0.00756431 6.53407e-06  0.740485  0.931189
0.00751047 6.2622e-06  0.748023  0.943689
0.00745709 6.05058e-06  0.755506  0.956189
0.00740416 5.84592e-06  0.762937  0.968689
0.00735169 5.60113e-06  0.770315  0.981189
0.00729967 5.40787e-06  0.777641  0.993689
0.00724811 5.22071e-06  0.784915  1.00619
0.00719699 4.99909e-06  0.792137  1.01869
0.00714633 4.82471e-06  0.799309  1.03119
0.00709611 4.65616e-06  0.80643  1.04369
0.00704634 4.49287e-06  0.813501  1.05619
0.00699701 4.33442e-06  0.820523  1.06869
0.00694812 4.1804e-06  0.827495  1.08119
0.00689967 4.03136e-06  0.834419  1.09369
0.00685165 3.88791e-06  0.841295  1.10619
0.00680407 3.74852e-06  0.848123  1.11869
0.00675691 3.61365e-06  0.854903  1.13119
0.00671019 3.48359e-06  0.861637  1.14369
0.00666388 3.35672e-06  0.868324  1.15619
0.006618 3.26277e-06  0.874965  1.16869
0.00657254 3.14308e-06  0.88156  1.18119
0.00652749 3.02687e-06  0.88811  1.19369
0.00648286 2.91515e-06  0.894615  1.20619
0.00643864 2.83002e-06  0.901076  1.21869
0.00639482 2.72221e-06  0.907493  1.23119
0.00635141 2.64143e-06  0.913866  1.24369
0.00630839 2.53832e-06  0.920196  1.25619
0.00626578 2.43734e-06  0.926483  1.26869
0.00622355 2.36143e-06  0.932728  1.28119
0.00618172 2.26602e-06  0.93893  1.29369
0.00614028 2.19432e-06  0.945091  1.30619
0.00609922 2.12423e-06  0.951211  1.31869
0.00605854 2.03502e-06  0.95729  1.33119
0.00601823 1.96786e-06  0.963328  1.34369
0.0059783 1.88259e-06  0.969327  1.35619
0.00593875 1.81763e-06  0.975285  1.36869
0.00589956 1.75473e-06  0.981204  1.38119
0.00586073 1.69313e-06  0.987084  1.39369
0.00582226 1.61494e-06  0.992926  1.40619
0.00578415 1.55443e-06  0.998729  1.41869
0.0057464 1.49475e-06  1.00449  1.43119
0.005709 1.43651e-06  1.01022  1.44369
0.00567194 1.38055e-06  1.01591  1.45619
0.00563523 1.32618e-06  1.02157  1.46869
0.00559885 1.27371e-06  1.02718  1.48119
0.00556282 1.22278e-06  1.03276  1.49369
0.00552712 1.17343e-06  1.03831  1.50619
0.00549175 1.12596e-06  1.04382  1.51869
0.0054567 1.0802e-06  1.04929  1.53119
0.00542198 1.03499e-06  1.05473  1.54369
0.00538759 9.90896e-07  1.06014  1.55619
0.00535351 9.4788e-07  1.06551  1.56869
0.00531974 9.05768e-07  1.07084  1.58119
0.00528629 8.64131e-07  1.07615  1.59369
0.00525314 8.35057e-07  1.08142  1.60619
0.0052203 7.96035e-07  1.08665  1.61869
0.00518776 7.58245e-07  1.09186  1.63119
0.00515552 7.21239e-07  1.09703  1.64369
0.00512357 6.95245e-07  1.10217  1.65619
0.00509192 6.60553e-07  1.10728  1.66869
0.00506056 6.27038e-07  1.11235  1.68119
0.00502948 6.03515e-07  1.1174  1.69369
0.00499869 5.72135e-07  1.12241  1.70619
0.00496817 5.42557e-07  1.1274  1.71869
0.00493794 5.22058e-07  1.13235  1.73119
0.00490798 4.9484e-07  1.13727  1.74369
0.00487829 4.7562e-07  1.14216  1.75619
0.00484887 4.503e-07  1.14703  1.76869
0.00479083 4.07714e-07  1.15667  1.79369
0.0047622 3.89838e-07  1.16144  1.80619
0.00473383 3.65575e-07  1.16619  1.81869
0.00470571 3.48193e-07  1.17091  1.83119
0.00467784 3.3163e-07  1.1756  1.84369
0.00465023 3.10112e-07  1.18027  1.85619
0.00462286 2.94738e-07  1.1849  1.86869
0.00459573 2.74905e-07  1.18951  1.88119
0.00456885 2.61277e-07  1.1941  1.89369
0.00454221 2.48293e-07  1.19865  1.90619
0.0045158 2.35655e-07  1.20318  1.91869
0.00446368 2.0653e-07  1.21216  1.94369
0.00443797 1.94413e-07  1.21661  1.95619
0.00441248 1.82725e-07  1.22104  1.96869
0.00438722 1.71381e-07  1.22544  1.98119
0.00436217 1.56478e-07  1.22981  1.99369
0.00433735 1.45654e-07  1.23416  2.00619
0.00431274 1.34937e-07  1.23848  2.01869
0.00428835 1.2434e-07  1.24279  2.03119
0.00426417 1.14026e-07  1.24706  2.04369
0.0042402 1.04182e-07  1.25131  2.05619
0.00421644 9.4727e-08  1.25554  2.06869
0.00419288 8.57466e-08  1.25975  2.08119
0.00416953 7.70169e-08  1.26393  2.09369
0.00414638 6.84244e-08  1.26809  2.10619
0.00412343 5.9978e-08  1.27222  2.11869
0.00410067 5.18394e-08  1.27633  2.13119
0.00407811 4.43567e-08  1.28042  2.14369
0.00405574 3.73793e-08  1.28449  2.15619
0.00403356 3.10723e-08  1.28853  2.16869
0.00401157 2.51046e-08  1.29256  2.18119
0.00398976 1.95237e-08  1.29656  2.19369
0.00396814 1.48182e-08  1.30054  2.20619
0.0039467 1.06396e-08  1.30449  2.21869
0.00392545 8.09779e-09  1.30843  2.23119
0.00390437 4.76679e-09  1.31234  2.24369
0.00388346 2.24931e-09  1.31624  2.25619
0.00386274 6.39972e-10  1.32011  2.26869
0.00384218 5.96271e-11  1.32396  2.28119
