0.00499434
0.0149943
0.0249942
0.0349942
0.0449941
0.054994
0.064994
0.0749939
0.0849939
0.0949938
0.104994
0.114994
0.124994
0.134994
0.144994
0.154994
0.164993
0.174993
0.184993
0.194993
0.204993
0.214993
0.224993
0.234993
0.244993
0.254993
0.264993
0.274993
0.284993
0.294993
0.304993
0.314993
0.324993
0.334993
0.344993
0.354993
0.364993
0.374993
0.384993
0.394993
0.404993
0.414993
0.424993
0.434993
0.444993
0.454993
0.464993
0.474993
0.484993
0.494993
0.504993
0.514993
0.524993
0.534993
0.544993
0.554993
0.564993
0.574993
0.584993
0.594993
0.604993
0.614993
0.624993
0.634993
0.644993
0.654993
0.664993
0.674993
0.684993
0.694993
0.704993
0.714993
0.724993
0.734993
0.744993
0.754993
0.764993
0.774993
0.784993
0.794993
0.804993
0.814993
0.824993
0.834993
0.844993
0.854993
0.864993
0.874993
0.884993
0.894993
0.904993
0.914993
0.924993
0.934993
0.944993
0.954993
0.964993
0.974993
0.984993
0.994993
1.00499
1.01499
1.02499
1.03499
1.04499
1.05499
1.06499
1.07499
1.08499
1.09499
1.10499
1.11499
1.12499
1.13499
1.14499
1.15499
1.16499
1.17499
1.18499
1.19499
1.20499
1.21499
1.22499
1.23499
1.24499
1.25499
1.26499
1.27499
1.28499
1.29499
1.30499
1.31499
1.32499
1.33499
1.34499
1.35499
1.36499
1.37499
1.38499
1.39499
1.40499
1.41499
1.42499
1.43499
1.44499
1.45499
1.46499
1.47499
1.48499
1.49499
1.50499
1.51499
1.52499
1.53499
1.54499
1.55499
1.56499
1.57499
1.58499
1.59499
1.60499
1.61499
1.62499
1.63499
1.64499
1.65499
1.66499
1.67499
1.68499
1.69499
1.70499
1.71499
1.72499
1.73499
1.74499
1.75499
1.76499
1.77499
1.78499
1.79499
1.80499
1.81499
1.82499
1.83499
1.84499
1.85499
1.86499
1.87499
1.88499
1.89499
1.90499
1.91499
1.92499
1.93499
1.94499
1.95499
1.96499
1.97499
1.98499
1.99499
2.00499
2.01499
2.02499
2.03499
2.04499
2.05499
2.06499
2.07499
2.08499
2.09499
2.10499
2.11499
2.12499
2.13499
2.14499
2.15499
2.16499
2.17499
2.18499
2.19499
2.20499
2.21499
2.22499
2.23499
2.24499
2.25499
2.26499
2.27499
2.28499
2.29499
2.30499
2.31499
2.32499
2.33499
2.34499
2.35499
2.36499
2.37499
2.38499
2.39499
2.40499
2.41499
2.42499
2.43499
2.44499
2.45499
2.46499
2.47499
2.48499
2.49499
2.50499
2.51499
2.52499
2.53499
2.54499
2.55499
2.56499
2.575
2.585
2.595
2.605
2.615
2.625
2.635
2.645
2.655
2.665
2.675
2.685
2.695
2.705
2.715
2.725
2.735
2.745
2.755
2.765
2.775
2.785
2.795
2.805
2.815
2.825
2.835
2.845
2.855
2.865
2.875
2.885
2.895
2.905
2.915
2.925
2.935
2.945
2.955
2.965
2.975
2.985
